10
14
22
35
40
111
122
124
127
132
144
148
151
155
158
165
166
169
189
216
232
245
247
253
254
294
300
308
323
331
339
381
389
395
400
402
420
429
432
433
444
451
452
456
464
470
473
494
496
500
518
519
540
542
545
565
568
576
585
600
603
606
607
612
620
624
650
653
658
682
692
701
702
714
718
723
729
731
733
737
741
753
777
779
797
803
811
814
820
832
834
844
855
877
879
887
897
902
904
906
934
936
945
951
952
954
965
967
992
1001
1003
1006
1013
1021
1039
1054
1058
1062
1070
1072
1082
1084
1085
1092
1097
1099
1103
1110
1131
1132
1133
1174
1179
1189
1190
1195
1209
1231
1235
1244
1261
1271
1277
1279
1280
1285
1292
1297
1303
1306
1350
1393
1399
1412
1418
1421
1434
1435
1442
1443
1445
1454
1468
1521
1529
1546
1559
1582
1589
1590
1596
1612
1617
1632
1648
1653
1665
1696
1698
1699
1700
1702
1722
1732
1736
1738
1757
1758
1790
1796
1811
1815
1821
1835
1854
1855
1862
1865
1893
1895
1896
1903
1909
1911
1919
1933
1939
1955
2023
2025
2033
2039
2049
2082
2087
2102
2114
2124
2132
2142
2148
2154
2164
2169
2179
2186
2210
2217
2222
2249
2258
2287
2293
2313
2325
2334
2336
2337
2347
2356
2357
2361
2373
2378
2381
2383
2399
2404
2411
2443
2464
2480
2491
2494
2502
2573
2583
2589
2596
2597
2598
2611
2619
2620
2630
2653
2654
2655
2662
2674
2691
2699
2720
2749
2761
2778
2785
2787
2789
2801
2827
2835
2836
2840
2850
2892
2894
2903
2914
2919
2922
2952
2963
2973
2980
2981
2984
2989
2994
2999
3019
3026
3049
3054
3071
3082
3087
3106
3131
3137
3142
3165
3171
3177
3178
3181
3186
3208
3221
3234
3240
3263
3281
3290
3293
3317
3326
3329
3332
3353
3364
3380
3383
3386
3387
3395
3404
3412
3420
3437
3450
3460
3483
3487
3493
3534
3542
3545
3546
3585
3593
3610
3622
3626
3629
3633
3640
3651
3665
3666
3675
3677
3680
3695
3700
3701
3706
3708
3712
3737
3747
3749
3753
3765
3777
3784
3787
3814
3863
3870
3897
3898
3909
3911
3928
3934
3941
3957
3977
3988
4017
4034
4035
4042
4052
4071
4075
4084
4102
4105
4130
4132
4139
4161
4200
4207
4215
4223
4226
4237
4241
4245
4249
4261
4263
4265
4269
4300
4309
4326
4337
4346
4348
4373
4381
4397
4410
4411
4415
4423
4425
4434
4437
4442
4459
4470
4486
4488
4511
4529
4562
4567
4568
4571
4572
4587
4588
4607
4609
4642
4645
4648
4650
4661
4666
4703
4714
4718
4742
4747
4773
4780
4783
4790
4816
4820
4828
4835
4837
4842
4848
4867
4869
4885
4901
4902
4926
4929
4939
4957
4967
4975
4988
4991
4992
5000
5010
5018
5029
5063
5094
5096
5125
5132
5135
5147
5157
5160
5162
5163
5170
5181
5187
5205
5208
5223
5226
5230
5238
5244
5245
5322
5327
5332
5345
5347
5375
5378
5390
5407
5409
5428
5429
5437
5441
5447
5462
5464
5466
5474
5483
5487
5497
5507
5517
5518
5525
5535
5538
5543
5585
5589
5609
5613
5615
5634
5640
5649
5653
5663
5670
5686
5687
5716
5746
5753
5762
5767
5773
5776
5779
5781
5784
5805
5812
5825
5828
5832
5833
5836
5840
5870
5886
5937
5947
5949
5950
5959
5967
5968
5984
5993
6005
6010
6021
6034
6036
6045
6046
6062
6064
6073
6080
6082
6095
6104
6120
6130
6133
6136
6145
6175
6177
6190
6211
6214
6215
6220
6247
6250
6252
6264
6285
6287
6291
6310
6312
6313
6317
6318
6342
6345
6349
6354
6355
6358
6370
6372
6374
6381
6397
6416
6418
6424
6432
6434
6445
6450
6455
6457
6463
6464
6470
6499
6517
6535
6547
6555
6560
6564
6568
6587
6619
6646
6652
6669
6671
6688
6702
6710
6716
6737
6746
6754
6760
6765
6767
6769
6773
6783
6805
6825
6836
6837
6863
6887
6894
6919
6931
6949
6951
6979
6992
7000
7014
7039
7040
7050
7059
7069
7077
7083
7088
7117
7132
7142
7148
7194
7216
7219
7239
7248
7251
7283
7288
7293
7296
7300
7303
7322
7325
7327
7332
7351
7355
7362
7367
7370
7384
7401
7423
7430
7439
7452
7480
7489
7523
7536
7541
7552
7599
7615
7648
7649
7657
7661
7664
7684
7704
7705
7709
7738
7767
7774
7775
7780
7782
7792
7795
7797
7802
7815
7822
7834
7836
7845
7861
7882
7887
7888
7906
7907
7945
7954
7969
7987
8002
8039
8045
8063
8101
8114
8115
8122
8127
8130
8137
8149
8160
8166
8167
8199
8237
8242
8258
8280
8300
8314
8318
8331
8335
8337
8343
8347
8348
8353
8357
8360
8372
8376
8377
8380
8382
8394
8400
8412
8424
8425
8436
8446
8448
8450
8453
8455
8459
8462
8470
8478
8513
8515
8517
8532
8545
8558
8560
8565
8569
8588
8594
8596
8616
8673
8683
8686
8704
8706
8717
8721
8722
8724
8730
8741
8748
8767
8769
8770
8780
8782
8794
8796
8798
8802
8817
8822
8825
8835
8837
8855
8863
8878
8898
8902
8906
8910
8925
8939
8942
8955
8962
8972
8976
8981
8988
8996
9002
9003
9019
9023
9040
9044
9055
9060
9064
9068
9069
9075
9079
9088
9104
9117
9144
9174
9180
9208
9276
9279
9290
9303
9323
9356
9357
9364
9372
9379
9383
9386
9421
9426
9434
9449
9476
9477
9479
9484
9500
9505
9509
9510
9520
9523
9550
9551
9574
9578
9583
9593
9596
9665
9673
9683
9686
9695
9699
9701
9705
9716
9728
9732
9741
9752
9756
9761
9781
9813
9817
9853
9867
9869
9872
9887
9916
9920
9925
9927
9930
9977
10005
10032
10049
10052
10074
10091
10095
10126
10137
10173
10180
10181
10184
10187
10195
10209
10217
10221
10240
10241
10246
10276
10277
10288
10309
10326
10335
10337
10344
10357
10360
10392
10398
10403
10407
10430
10431
10442
10455
10456
10472
10480
10497
10509
10527
10528
10532
10567
10570
10577
10594
10596
10603
10615
10618
10623
10640
10661
10678
10691
10696
10698
10709
10711
10715
10719
10730
10732
10734
10743
10757
10759
10760
10766
10770
10771
10798
10823
10838
10839
10871
10874
10896
10909
10914
10930
10934
10942
10943
10944
10946
10949
10958
10973
10977
11002
11004
11030
11033
11067
11069
11079
11096
11139
11140
11141
11152
11174
11188
11194
11195
11200
11212
11223
11224
11242
11249
11259
11270
11276
11282
11283
11303
11305
11306
11313
11323
11333
11334
11336
11357
11372
11387
11388
11393
11411
11422
11427
11430
11443
11445
11460
11464
11472
11496
11506
11524
11530
11540
11548
11557
11564
11598
11605
11606
11613
11615
11640
11646
11653
11659
11668
11675
11683
11702
11704
11711
11715
11720
11727
11746
11759
11778
11789
11797
11822
11831
11861
11876
11880
11883
11884
11901
11906
11924
11933
11965
11974
11975
11978
11992
11993
11995
11999
12011
12019
12023
12039
12043
12046
12049
12059
12060
12065
12066
12082
12110
12130
12133
12143
12146
12166
12185
12189
12197
12208
12223
12230
12237
12243
12258
12262
12282
12290
12293
12303
12309
12340
12344
12347
12360
12363
12364
12378
12391
12395
12400
12401
12441
12469
12470
12477
12495
12496
12499
12509
12510
12511
12517
12524
12527
12534
12541
12563
12610
12633
12643
12657
12659
12680
12686
12692
12702
12711
12737
12741
12746
12754
12756
12768
12807
12815
12816
12825
12828
12831
12846
12853
12855
12884
12887
12890
12940
12949
12950
12986
12987
12990
12995
13009
13011
13023
13026
13042
13048
13055
13056
13057
13070
13073
13083
13110
13120
13130
13138
13147
13153
13169
13171
13181
13184
13225
13232
13240
13255
13281
13285
13286
13291
13317
13329
13337
13341
13346
13356
13358
13365
13396
13404
13428
13438
13440
13454
13458
13470
13484
13490
13504
13519
13528
13544
13550
13556
13561
13564
13565
13566
13568
13569
13570
13576
13578
13580
13589
13591
13594
13607
13622
13627
13630
13638
13652
13654
13655
13675
13684
13685
13686
13689
13692
13696
13699
13711
13718
13728
13736
13747
13754
13757
13759
13766
13776
13779
13782
13793
13803
13809
13813
13815
13822
13824
13828
13831
13832
13850
13853
13861
13887
13895
13896
13902
13913
13919
13924
13940
13946
13951
13954
13956
13974
13978
13993
14017
14022
14026
14040
14054
14085
14088
14089
14096
14136
14163
14182
14184
14185
14191
14205
14221
14230
14231
14233
14244
14259
14269
14279
14280
14281
14285
14292
14296
14307
14315
14322
14330
14338
14347
14357
14360
14372
14390
14393
14407
14413
14421
14426
14430
14438
14443
14444
14448
14450
14461
14487
14490
14491
14500
14502
14503
14511
14530
14543
14545
14547
14561
14562
14569
14577
14590
14602
14605
14614
14632
14639
14657
14659
14671
14682
14689
14700
14717
14735
14739
14749
14773
14793
14800
14802
14807
14830
14835
14842
14845
14857
14861
14880
14881
14888
14897
14909
14913
14933
14947
14955
14967
14968
14979
14991
15008
15011
15015
15019
15054
15065
15084
15085
15087
15101
15110
15160
15162
15166
15178
15186
15188
15199
15245
15248
15260
15264
15275
15280
15288
15291
15295
15299
15304
15326
15333
15348
15354
15356
15363
15369
15404
15421
15427
15429
15474
15480
15484
15490
15499
15500
15504
15505
15522
15523
15530
15545
15551
15553
15554
15570
15573
15601
15612
15629
15635
15637
15653
15654
15663
15667
15673
15682
15689
15705
15706
15720
15741
15744
15754
15760
15771
15772
15773
15789
15807
15812
15817
15828
15833
15835
15836
15867
15881
15888
15890
15898
15911
15917
15921
15931
15936
15946
15952
15960
15977
15979
16000
16002
16003
16015
16030
16039
16044
16066
16084
16090
16093
16098
16102
16105
16107
16123
16133
16135
16136
16140
16141
16149
16161
16166
16171
16176
16184
16186
16193
16194
16201
16210
16219
16233
16242
16246
16254
16266
16288
16299
16300
16301
16339
16360
16367
16369
16370
16380
16392
16416
16426
16436
16463
16468
16469
16473
16483
16487
16504
16507
16518
16528
16534
16544
16560
16569
16579
16593
16598
16612
16629
16643
16646
16648
16658
16670
16671
16674
16680
16683
16693
16701
16720
16735
16744
16750
16759
16775
16789
16793
16800
16812
16819
16837
16867
16888
16901
16906
16913
16919
16932
16941
16953
16959
16966
16973
16988
17008
17015
17017
17018
17034
17065
17090
17093
17112
17120
17138
17185
17206
17210
17211
17216
17226
17229
17235
17236
17250
17274
17278
17291
17307
17321
17325
17330
17346
17362
17385
17390
17393
17419
17426
17432
17434
17452
17469
17473
17488
17491
17493
17499
17556
17565
17571
17588
17593
17609
17610
17613
17635
17662
17679
17690
17699
17703
17713
17734
17753
17775
17783
17785
17800
17820
17827
17837
17841
17864
17867
17883
17908
17919
17926
17933
17940
17959
17961
17970
17986
17991
17995
18001
18027
18031
18037
18043
18056
18073
18084
18105
18111
18136
18146
18154
18182
18183
18187
18224
18233
18248
18254
18259
18314
18332
18333
18348
18369
18402
18404
18413
18414
18419
18422
18455
18458
18459
18460
18468
18486
18498
18502
18511
18524
18540
18542
18545
18551
18581
18589
18602
18615
18625
18626
18633
18639
18641
18654
18658
18664
18667
18676
18681
18696
18724
18727
18738
18745
18752
18754
18784
18785
18787
18794
18799
18810
18813
18830
18831
18838
18854
18860
18872
18901
18903
18920
18925
18949
18959
18973
18974
18977
18997
18999
19001
19012
19015
19018
19033
19060
19075
19080
19094
19096
19098
19109
19138
19146
19162
19168
19171
19183
19186
19195
19204
19209
19213
19214
19218
19260
19287
19292
19301
19346
19358
19372
19378
19382
19398
19411
19421
19428
19431
19440
19463
19471
19476
19478
19479
19480
19528
19549
19555
19556
19570
19582
19583
19601
19608
19614
19618
19640
19649
19665
19672
19679
19680
19700
19714
19718
19723
19726
19736
19739
19741
19744
19757
19762
19765
19776
19795
19826
19829
19850
19853
19872
19878
19888
19893
19916
19923
19932
19934
19941
19967
19970
19986
19988
20000
20002
20020
20021
20028
20031
20046
20047
20050
20051
20053
20089
20097
20106
20111
20116
20126
20137
20143
20157
20173
20192
20204
20210
20251
20269
20273
20284
20289
20306
20309
20313
20322
20326
20329
20341
20344
20359
20361
20370
20383
20384
20388
20401
20413
20415
20430
20435
20436
20451
20458
20460
20488
20501
20504
20506
20513
20515
20528
20537
20543
20550
20551
20553
20554
20563
20568
20603
20607
20614
20617
20632
20634
20652
20660
20686
20711
20719
20725
20726
20733
20740
20745
20746
20751
20766
20768
20769
20772
20781
20798
20799
20803
20823
20840
20856
20886
20892
20902
20920
20932
20934
20936
20939
20968
20976
20978
20990
20999
21005
21014
21026
21039
21069
21077
21081
21086
21121
21131
21136
21150
21151
21154
21204
21208
21233
21238
21244
21261
21266
21280
21285
21291
21329
21330
21346
21356
21362
21378
21386
21395
21396
21397
21416
21417
21426
21440
21463
21491
21507
21509
21516
21537
21540
21543
21547
21552
21553
21558
21565
21586
21619
21631
21632
21662
21663
21674
21690
21706
21720
21724
21728
21766
21770
21789
21805
21820
21821
21827
21837
21846
21871
21872
21876
21879
21890
21896
21899
21909
21914
21915
21916
21922
21928
21961
21962
21963
21971
21975
21983
22033
22036
22040
22043
22061
22063
22065
22077
22078
22081
22090
22092
22099
22100
22108
22129
22139
22163
22164
22198
22204
22213
22218
22225
22274
22279
22281
22282
22295
22306
22312
22327
22329
22333
22382
22392
22401
22412
22418
22427
22436
22437
22439
22442
22460
22476
22477
22484
22491
22494
22499
22500
22543
22567
22573
22603
22605
22609
22628
22634
22639
22643
22644
22645
22646
22649
22650
22653
22680
22694
22702
22737
22739
22762
22765
22766
22770
22773
22777
22778
22809
22819
22823
22831
22832
22869
22870
22872
22885
22890
22895
22913
22917
22931
22936
22939
22946
22955
22956
22964
22992
22993
22998
23005
23011
23023
23028
23029
23033
23050
23066
23082
23094
23096
23097
23132
23150
23156
23164
23173
23195
23215
23227
23243
23260
23267
23289
23294
23295
23296
23303
23306
23319
23324
23326
23335
23341
23369
23373
23381
23382
23389
23400
23404
23409
23422
23427
23435
23448
23466
23473
23477
23503
23505
23510
23517
23533
23534
23549
23557
23564
23570
23580
23600
23613
23627
23632
23637
23642
23647
23649
23658
23686
23688
23692
23702
23716
23717
23724
23730
23731
23740
23746
23759
23761
23776
23779
23782
23805
23834
23856
23871
23887
23894
23897
23925
23927
23932
23942
23978
23998
24009
24035
24036
24040
24043
24046
24057
24059
24064
24078
24095
24099
24107
24113
24122
24184
24192
24204
24205
24211
24224
24245
24250
24263
24273
24282
24298
24340
24350
24373
24384
24390
24427
24436
24444
24455
24466
24472
24476
24484
24496
24503
24506
24515
24518
24521
24523
24527
24545
24549
24551
24561
24571
24601
24607
24616
24621
24632
24643
24644
24669
24675
24682
24687
24703
24713
24715
24717
24741
24744
24772
24777
24812
24824
24844
24862
24864
24868
24870
24874
24911
24931
24939
24940
24962
24967
24969
24970
24971
24997
25002
25011
25027
25038
25046
25055
25062
25067
25080
25090
25110
25112
25114
25126
25136
25139
25161
25169
25178
25190
25208
25212
25225
25250
25258
25266
25290
25291
25292
25293
25306
25331
25333
25338
25339
25348
25362
25381
25384
25404
25430
25437
25442
25443
25477
25501
25512
25523
25534
25549
25552
25553
25557
25566
25572
25577
25593
25611
25612
25643
25650
25652
25656
25661
25670
25681
25686
25702
25706
25728
25733
25745
25749
25809
25815
25833
25867
25872
25878
25880
25886
25889
25907
25919
25935
25946
25947
25950
25970
25982
25986
25990
25998
26016
26021
26022
26075
26077
26122
26128
26142
26145
26146
26151
26173
26186
26187
26198
26213
26216
26220
26222
26234
26238
26240
26243
26249
26253
26256
26265
26269
26272
26279
26285
26315
26316
26320
26323
26330
26345
26366
26382
26386
26399
26417
26422
26441
26459
26479
26482
26488
26489
26496
26502
26504
26505
26520
26521
26549
26550
26558
26574
26591
26593
26612
26618
26620
26625
26634
26666
26674
26681
26701
26704
26705
26722
26731
26737
26763
26776
26810
26837
26869
26896
26919
26929
26934
26951
26954
26959
26969
26989
27012
27026
27047
27049
27065
27071
27096
27101
27111
27116
27130
27143
27150
27157
27167
27177
27187
27188
27191
27205
27206
27207
27233
27248
27249
27250
27257
27270
27272
27283
27289
27297
27300
27312
27317
27346
27351
27369
27378
27380
27404
27414
27417
27418
27435
27450
27455
27463
27466
27483
27486
27490
27492
27495
27502
27504
27531
27536
27537
27554
27557
27558
27561
27562
27569
27570
27574
27594
27595
27607
27611
27617
27627
27641
27647
27651
27660
27670
27677
27679
27691
27700
27704
27708
27723
27724
27734
27755
27766
27782
27784
27794
27806
27812
27814
27829
27833
27834
27835
27865
27868
27869
27877
27879
27888
27909
27917
27935
27936
27958
27974
27977
27986
27987
27994
28003
28013
28018
28025
28031
28032
28050
28065
28088
28094
28118
28125
28126
28129
28134
28146
28155
28156
28164
28180
28183
28186
28189
28192
28197
28203
28205
28225
28234
28246
28248
28257
28292
28307
28312
28327
28345
28359
28371
28385
28433
28449
28457
28463
28467
28524
28541
28559
28567
28576
28587
28588
28593
28600
28603
28637
28646
28649
28659
28665
28691
28703
28735
28737
28738
28774
28795
28835
28888
28893
28897
28915
28919
28928
28930
28937
28940
28943
28951
28960
28968
28969
28987
28988
28993
28994
28996
29005
29009
29016
29025
29039
29047
29066
29092
29112
29121
29124
29125
29129
29132
29136
29151
29155
29163
29175
29183
29186
29202
29206
29207
29215
29219
29223
29235
29258
29268
29270
29284
29285
29295
29305
29311
29326
29328
29343
29353
29364
29366
29375
29396
29413
29416
29432
29462
29470
29481
29483
29501
29505
29529
29541
29546
29551
29554
29567
29581
29584
29585
29652
29682
29684
29695
29703
29711
29723
29725
29729
29735
29746
29747
29757
29758
29764
29794
29798
29800
29802
29809
29830
29832
29836
29841
29850
29866
29872
29883
29898
29906
29920
29952
29953
29957
29967
29968
29972
30017
30020
30021
30028
30031
30040
30064
30075
30076
30081
30084
30086
30092
30095
30097
30112
30119
30123
30139
30158
30161
30165
30166
30173
30178
30192
30193
30197
30205
30233
30234
30247
30261
30272
30279
30288
30290
30291
30302
30304
30306
30314
30329
30334
30350
30371
30390
30399
30423
30424
30434
30437
30439
30452
30453
30460
30466
30468
30479
30489
30492
30505
30526
30536
30540
30549
30550
30556
30559
30583
30609
30626
30630
30639
30653
30685
30686
30689
30693
30718
30725
30739
30756
30768
30775
30787
30804
30813
30825
30829
30846
30849
30854
30860
30866
30867
30881
30889
30896
30919
30921
30924
30928
30939
30950
30959
30972
30993
30996
30998
31000
31014
31022
31028
31031
31040
31043
31071
31073
31084
31092
31115
31119
31120
31142
31145
31153
31157
31169
31189
31207
31216
31225
31234
31242
31243
31260
31263
31268
31272
31282
31283
31287
31329
31335
31342
31343
31354
31361
31367
31369
31370
31383
31384
31389
31400
31412
31413
31431
31434
31461
31464
31468
31497
31508
31509
31520
31525
31541
31542
31556
31572
31585
31587
31595
31607
31635
31647
31649
31655
31659
31668
31691
31698
31699
31719
31725
31729
31731
31776
31777
31795
31820
31832
31836
31842
31863
31874
31879
31882
31920
31933
31937
31939
31956
31960
31962
31994
31999
32006
32007
32008
32023
32033
32035
32045
32050
32060
32077
32086
32100
32120
32134
32140
32149
32161
32200
32209
32241
32253
32261
32264
32272
32275
32288
32303
32305
32308
32311
32341
32342
32375
32381
32385
32398
32411
32416
32428
32438
32439
32442
32451
32455
32464
32473
32490
32497
32498
32513
32528
32529
32539
32548
32560
32587
32620
32624
32630
32639
32650
32660
32662
32671
32679
32684
32703
32712
32722
32752
32758
32763
32781
32784
32793
32809
32812
32813
32818
32823
32824
32825
32833
32871
32872
32879
32888
32890
32893
32894
32902
32906
32908
32912
32923
32925
32926
32944
32959
32974
32975
32998
33031
33043
33044
33045
33046
33053
33054
33072
33094
33102
33110
33114
33124
33132
33134
33143
33155
33165
33173
33185
33191
33211
33231
33291
33295
33304
33333
33347
33348
33371
33408
33423
33436
33443
33446
33450
33455
33457
33479
33482
33489
33496
33509
33510
33538
33540
33544
33545
33558
33565
33580
33584
33597
33600
33604
33608
33617
33619
33641
33663
33669
33676
33685
33687
33727
33731
33739
33740
33746
33749
33752
33767
33779
33801
33832
33833
33834
33836
33838
33844
33846
33858
33861
33865
33869
33907
33920
33922
33923
33932
33938
33941
33942
33943
33955
33963
33973
33989
34009
34018
34043
34049
34052
34065
34069
34077
34086
34090
34094
34097
34110
34120
34121
34126
34135
34143
34155
34163
34193
34208
34211
34229
34250
34279
34280
34289
34296
34303
34306
34335
34336
34350
34351
34353
34361
34385
34389
34395
34400
34406
34411
34412
34416
34423
34433
34441
34451
34467
34474
34483
34489
34510
34512
34518
34529
34536
34558
34559
34562
34566
34569
34571
34580
34602
34620
34632
34640
34643
34654
34657
34658
34667
34688
34700
34728
34736
34742
34768
34777
34791
34797
34810
34812
34819
34823
34832
34838
34847
34854
34878
34886
34894
34896
34902
34914
34921
34937
34938
34948
34974
34976
34985
34989
34990
35002
35022
35029
35050
35053
35071
35074
35079
35090
35098
35113
35132
35152
35163
35195
35197
35221
35247
35260
35279
35282
35289
35298
35301
35306
35308
35311
35316
35331
35340
35341
35345
35361
35364
35379
35409
35422
35426
35437
35438
35444
35486
35503
35529
35535
35554
35562
35571
35575
35594
35595
35600
35601
35637
35642
35650
35651
35660
35665
35667
35669
35694
35703
35707
35745
35788
35814
35821
35823
35834
35837
35855
35869
35888
35896
35899
35908
35927
35935
35936
35969
35974
35976
36007
36019
36020
36021
36053
36061
36064
36068
36069
36075
36080
36096
36098
36100
36102
36104
36110
36114
36130
36131
36156
36161
36164
36171
36178
36179
36197
36208
36210
36265
36282
36284
36286
36289
36290
36293
36295
36322
36327
36343
36348
36349
36365
36381
36385
36395
36396
36420
36432
36445
36450
36468
36470
36472
36473
36474
36483
36492
36512
36542
36544
36566
36567
36568
36571
36595
36596
36597
36600
36607
36624
36625
36649
36652
36669
36683
36687
36689
36713
36725
36734
36748
36769
36789
36790
36798
36816
36820
36824
36830
36833
36859
36881
36886
36901
36905
36934
36975
37010
37020
37021
37022
37058
37065
37081
37094
37097
37105
37118
37131
37142
37165
37189
37203
37233
37241
37242
37270
37272
37273
37286
37306
37310
37318
37336
37354
37358
37370
37405
37409
37425
37441
37444
37445
37456
37478
37482
37485
37491
37499
37505
37512
37513
37526
37535
37565
37570
37582
37583
37598
37615
37641
37648
37654
37659
37664
37692
37709
37714
37744
37760
37761
37820
37826
37845
37851
37866
37870
37871
37885
37893
37895
37896
37916
37919
37924
37930
37934
37935
37939
37946
37952
37956
37960
37978
37995
37998
38017
38029
38031
38050
38055
38062
38063
38066
38074
38079
38081
38083
38087
38088
38100
38122
38156
38167
38168
38170
38186
38187
38194
38210
38211
38216
38253
38274
38280
38293
38295
38343
38350
38356
38358
38372
38383
38395
38433
38452
38454
38462
38464
38492
38512
38527
38575
38607
38615
38617
38623
38634
38646
38665
38694
38697
38707
38715
38716
38725
38731
38734
38764
38773
38781
38812
38819
38820
38821
38844
38857
38866
38885
38889
38892
38894
38908
38911
38927
38930
38933
38955
38960
38963
38964
39002
39005
39033
39035
39048
39063
39086
39093
39098
39107
39109
39127
39139
39144
39183
39193
39197
39212
39217
39225
39233
39238
39253
39280
39282
39304
39308
39311
39318
39332
39335
39337
39343
39376
39396
39400
39425
39429
39440
39450
39469
39476
39495
39520
39524
39534
39564
39568
39574
39581
39593
39602
39603
39607
39621
39639
39661
39666
39667
39702
39709
39720
39743
39747
39757
39762
39765
39779
39827
39833
39840
39861
39867
39869
39918
39923
39931
39943
39979
39991
40004
40007
40012
40028
40031
40032
40034
40044
40052
40072
40077
40078
40082
40092
40108
40112
40118
40130
40133
40147
40152
40181
40183
40192
40194
40202
40205
40206
40209
40210
40212
40217
40254
40265
40289
40291
40296
40301
40302
40308
40335
40349
40372
40398
40399
40403
40414
40421
40424
40425
40432
40433
40434
40435
40450
40459
40470
40480
40490
40508
40529
40539
40556
40569
40573
40574
40596
40598
40603
40627
40634
40636
40638
40641
40648
40655
40658
40660
40673
40677
40686
40707
40726
40737
40742
40747
40751
40772
40781
40784
40793
40801
40802
40817
40819
40838
40850
40851
40859
40861
40863
40891
40916
40926
40942
40952
40953
40968
40972
40981
40983
41011
41024
41028
41055
41060
41066
41072
41101
41125
41170
41174
41194
41196
41213
41216
41218
41241
41248
41266
41273
41276
41284
41286
41287
41295
41304
41312
41314
41323
41351
41359
41377
41378
41380
41383
41384
41385
41392
41428
41435
41444
41445
41448
41451
41454
41474
41484
41485
41503
41507
41509
41533
41537
41548
41550
41563
41588
41602
41607
41628
41631
41659
41664
41675
41682
41705
41713
41716
41729
41760
41791
41795
41801
41812
41816
41840
41842
41852
41861
41864
41878
41881
41887
41927
41931
41938
41939
41972
41979
41982
41990
41995
42001
42005
42017
42044
42054
42059
42063
42080
42102
42103
42104
42106
42110
42115
42125
42147
42173
42174
42180
42186
42194
42198
42211
42223
42224
42225
42251
42255
42256
42279
42291
42293
42299
42307
42341
42350
42353
42382
42385
42406
42410
42428
42432
42436
42451
42456
42471
42477
42495
42502
42513
42518
42531
42532
42538
42558
42564
42573
42602
42604
42611
42614
42620
42622
42624
42633
42699
42704
42714
42724
42734
42753
42773
42783
42816
42820
42824
42830
42847
42850
42858
42878
42887
42891
42892
42903
42917
42925
42960
42966
42973
42980
42987
42994
42995
43028
43046
43052
43059
43061
43067
43069
43075
43077
43090
43094
43100
43114
43119
43122
43123
43147
43150
43154
43155
43160
43180
43183
43187
43188
43193
43197
43201
43216
43224
43235
43242
43255
43262
43271
43273
43278
43288
43297
43301
43310
43311
43315
43320
43323
43326
43339
43346
43347
43364
43365
43370
43388
43392
43395
43396
43423
43442
43458
43480
43500
43508
43518
43527
43538
43550
43551
43554
43564
43566
43571
43577
43584
43591
43635
43642
43686
43690
43694
43708
43710
43724
43729
43735
43762
43766
43767
43812
43818
43838
43844
43859
43865
43886
43904
43909
43922
43924
43931
43932
43937
43940
43943
43949
43966
43968
43970
43973
43977
43978
43987
43988
43995
44006
44015
44018
44041
44043
44060
44068
44073
44074
44077
44078
44087
44094
44105
44114
44115
44119
44122
44149
44153
44168
44199
44202
44207
44215
44229
44254
44261
44268
44299
44314
44319
44321
44324
44336
44355
44356
44361
44363
44368
44369
44385
44392
44395
44412
44422
44426
44448
44470
44489
44490
44493
44507
44514
44523
44534
44544
44549
44554
44555
44558
44570
44594
44604
44610
44614
44616
44648
44652
44657
44682
44699
44706
44719
44732
44742
44760
44765
44766
44775
44778
44783
44786
44800
44824
44825
44847
44855
44858
44859
44868
44894
44910
44928
44939
44979
44992
44993
45024
45044
45057
45060
45066
45070
45078
45086
45094
45116
45119
45148
45159
45163
45186
45192
45205
45213
45216
45219
45242
45245
45255
45263
45276
45295
45305
45316
45317
45324
45336
45345
45358
45359
45367
45372
45378
45408
45435
45446
45456
45459
45460
45477
45490
45494
45495
45502
45504
45532
45544
45554
45559
45568
45577
45578
45586
45603
45615
45636
45640
45647
45652
45656
45674
45681
45708
45716
45724
45736
45754
45764
45789
45791
45821
45831
45843
45857
45878
45881
45898
45908
45911
45917
45920
45946
45947
45948
45966
45968
45986
45991
46003
46012
46014
46018
46062
46078
46099
46100
46102
46103
46110
46117
46120
46142
46159
46180
46198
46204
46208
46210
46226
46229
46230
46236
46237
46238
46247
46257
46258
46271
46285
46286
46292
46294
46299
46314
46320
46340
46344
46352
46357
46362
46365
46378
46390
46398
46425
46438
46448
46453
46455
46463
46470
46478
46486
46488
46491
46493
46518
46533
46541
46545
46549
46580
46585
46592
46593
46594
46596
46613
46617
46622
46624
46628
46641
46669
46676
46693
46699
46710
46721
46738
46749
46750
46769
46783
46792
46795
46827
46835
46855
46864
46865
46867
46869
46879
46897
46906
46909
46913
46931
46938
46950
46962
46981
47011
47032
47034
47037
47042
47069
47077
47094
47100
47105
47114
47130
47147
47161
47174
47183
47188
47190
47208
47212
47223
47224
47227
47237
47239
47250
47251
47255
47256
47257
47282
47284
47289
47305
47317
47342
47343
47365
47379
47380
47381
47383
47391
47393
47395
47399
47406
47423
47432
47433
47435
47436
47438
47447
47455
47458
47479
47480
47503
47504
47514
47521
47549
47560
47563
47565
47574
47609
47622
47623
47638
47647
47654
47656
47688
47707
47714
47724
47734
47746
47758
47766
47772
47787
47795
47824
47843
47845
47849
47868
47882
47907
47913
47921
47923
47925
47932
47976
47980
48006
48008
48020
48028
48032
48034
48038
48076
48085
48093
48102
48105
48123
48134
48139
48143
48154
48164
48193
48195
48199
48208
48213
48222
48227
48232
48236
48237
48250
48264
48288
48305
48309
48311
48312
48314
48315
48323
48350
48366
48410
48411
48413
48434
48459
48475
48479
48486
48499
48511
48514
48526
48532
48549
48554
48581
48587
48603
48609
48614
48627
48631
48633
48636
48638
48663
48667
48678
48679
48705
48715
48716
48725
48734
48735
48743
48746
48747
48764
48775
48778
48779
48784
48787
48788
48795
48796
48798
48799
48802
48810
48813
48820
48833
48846
48849
48850
48856
48865
48867
48892
48899
48903
48906
48929
48945
48954
48955
48959
48979
49012
49029
49034
49047
49068
49078
49081
49097
49098
49100
49119
49125
49132
49136
49137
49157
49160
49161
49166
49206
49223
49224
49236
49257
49290
49295
49305
49306
49310
49316
49318
49320
49328
49336
49344
49359
49366
49378
49382
49396
49404
49414
49418
49422
49425
49443
49444
49448
49451
49452
49460
49512
49527
49531
49545
49549
49551
49557
49571
49579
49589
49620
49634
49636
49641
49659
49661
49671
49672
49689
49691
49694
49715
49734
49737
49738
49754
49761
49762
49766
49789
49806
49811
49824
49833
49853
49860
49861
49864
49880
49888
49895
49922
49940
49943
49949
49958
49967
49970
49977
49997
49998
50000
50039
50050
50060
50063
50065
50070
50087
50095
50097
50098
50104
50112
50131
50142
50166
50169
50215
50220
50224
50242
50253
50258
50285
50298
50307
50309
50326
50341
50353
50357
50362
50377
50380
50386
50404
50407
50417
50421
50427
50434
50442
50459
50461
50462
50482
50485
50493
50501
50507
50510
50511
50525
50527
50532
50552
50579
50581
50587
50588
50595
50605
50618
50620
50632
50637
50638
50640
50643
50656
50662
50664
50685
50690
50691
50696
50711
50721
50730
50736
50768
50778
50793
50794
50817
50823
50837
50841
50842
50862
50863
50870
50874
50881
50883
50884
50903
50907
50923
50925
50939
50942
50944
50952
50954
50969
50973
50974
50979
50980
50990
50998
51007
51023
51026
51033
51038
51040
51042
51085
51105
51116
51121
51144
51145
51147
51149
51166
51169
51172
51174
51191
51226
51240
51250
51256
51269
51277
51280
51289
51290
51293
51294
51297
51298
51303
51329
51346
51353
51358
51372
51376
51377
51385
51386
51401
51405
51424
51425
51427
51434
51438
51444
51459
51461
51462
51468
51475
51478
51488
51489
51493
51520
51522
51523
51525
51539
51572
51577
51588
51591
51596
51603
51622
51624
51628
51637
51640
51650
51657
51691
51702
51715
51720
51726
51742
51762
51785
51799
51800
51805
51829
51830
51869
51879
51888
51920
51936
51944
51963
51964
51978
51997
52029
52033
52045
52047
52063
52065
52066
52071
52081
52089
52100
52103
52104
52106
52113
52121
52126
52127
52131
52152
52173
52177
52187
52203
52215
52234
52245
52248
52249
52252
52262
52266
52272
52302
52314
52315
52324
52325
52344
52355
52395
52406
52407
52415
52416
52436
52439
52452
52467
52478
52497
52520
52541
52546
52550
52564
52577
52647
52649
52656
52662
52666
52667
52672
52682
52697
52701
52728
52733
52738
52747
52777
52803
52811
52815
52827
52828
52829
52835
52844
52863
52886
52889
52893
52897
52914
52938
52961
52965
52966
52993
53014
53017
53019
53022
53024
53028
53042
53051
53052
53055
53066
53068
53070
53072
53073
53086
53097
53114
53117
53118
53120
53126
53132
53134
53141
53142
53144
53152
53159
53187
53213
53230
53233
53235
53260
53270
53271
53283
53286
53315
53319
53328
53333
53334
53337
53347
53351
53364
53374
53375
53389
53391
53393
53399
53423
53437
53447
53448
53452
53456
53467
53472
53473
53480
53481
53492
53528
53538
53551
53554
53576
53578
53591
53593
53598
53611
53636
53657
53661
53688
53691
53694
53701
53707
53711
53723
53736
53742
53775
53781
53791
53795
53824
53834
53842
53844
53846
53855
53860
53864
53873
53898
53914
53921
53925
53927
53934
53952
53956
53958
53967
53972
53973
53986
53987
54013
54026
54032
54050
54063
54089
54091
54097
54098
54103
54108
54152
54154
54155
54159
54172
54176
54180
54190
54196
54199
54236
54272
54279
54283
54287
54303
54315
54323
54327
54336
54343
54351
54371
54404
54409
54430
54433
54453
54461
54462
54470
54479
54493
54514
54520
54522
54528
54534
54551
54552
54554
54555
54556
54560
54569
54579
54602
54629
54643
54650
54706
54711
54745
54759
54761
54772
54781
54785
54790
54810
54844
54855
54862
54876
54877
54881
54885
54903
54953
54958
54969
54987
54991
54995
54996
55000
55001
55021
55040
55043
55045
55066
55073
55075
55082
55101
55138
55165
55170
55178
55179
55192
55202
55213
55231
55247
55252
55255
55287
55300
55311
55314
55318
55333
55334
55337
55341
55347
55363
55374
55391
55394
55395
55399
55400
55405
55421
55425
55426
55427
55437
55443
55445
55449
55468
55475
55478
55480
55488
55492
55506
55509
55514
55521
55531
55534
55537
55541
55550
55565
55573
55581
55588
55606
55627
55641
55646
55650
55657
55682
55683
55692
55693
55707
55717
55726
55743
55745
55750
55760
55772
55788
55801
55810
55813
55819
55827
55843
55876
55888
55889
55899
55904
55921
55932
55965
55970
55976
55984
56028
56031
56040
56048
56055
56071
56073
56092
56102
56106
56109
56115
56118
56122
56132
56133
56134
56142
56158
56160
56171
56189
56197
56198
56201
56203
56206
56231
56237
56239
56243
56245
56247
56262
56270
56287
56290
56307
56329
56341
56342
56357
56364
56373
56396
56411
56443
56452
56457
56460
56495
56500
56501
56517
56528
56550
56587
56597
56607
56625
56634
56646
56699
56706
56708
56709
56715
56729
56746
56750
56751
56763
56767
56774
56805
56806
56809
56816
56822
56853
56857
56868
56896
56899
56900
56902
56956
56962
56980
56991
56994
56998
57003
57004
57005
57010
57016
57017
57024
57042
57046
57103
57111
57112
57116
57119
57125
57130
57144
57162
57170
57176
57181
57201
57203
57208
57210
57214
57243
57244
57251
57257
57275
57278
57283
57284
57287
57293
57300
57336
57339
57343
57354
57358
57381
57387
57422
57426
57430
57432
57446
57454
57465
57481
57482
57496
57501
57523
57540
57541
57557
57575
57580
57613
57614
57618
57627
57635
57668
57675
57676
57684
57686
57715
57748
57749
57750
57753
57761
57785
57787
57809
57824
57826
57832
57836
57837
57839
57845
57846
57861
57867
57876
57881
57893
57915
57924
57939
57947
57950
57956
57959
57982
57989
57997
58010
58011
58013
58021
58022
58025
58031
58055
58069
58074
58087
58112
58124
58133
58150
58153
58158
58168
58175
58181
58200
58205
58211
58212
58218
58228
58285
58287
58289
58292
58297
58298
58306
58315
58327
58332
58360
58379
58382
58402
58403
58407
58416
58417
58429
58453
58464
58478
58479
58497
58520
58527
58533
58542
58549
58551
58566
58568
58588
58606
58623
58625
58629
58631
58634
58641
58655
58658
58664
58677
58683
58697
58718
58741
58762
58772
58780
58806
58809
58815
58835
58842
58852
58871
58878
58881
58889
58900
58915
58919
58935
58937
58956
58961
58967
58969
58972
58979
58991
58998
59002
59030
59053
59064
59066
59083
59110
59144
59166
59181
59182
59191
59205
59211
59240
59244
59253
59273
59276
59278
59281
59289
59296
59306
59315
59318
59320
59330
59338
59359
59379
59394
59407
59410
59424
59428
59437
59447
59449
59452
59454
59475
59476
59487
59519
59527
59535
59539
59552
59561
59568
59573
59574
59577
59580
59582
59600
59609
59614
59623
59629
59632
59636
59675
59677
59685
59698
59705
59724
59730
59732
59734
59766
59770
59779
59787
59790
59796
59800
59802
59807
59814
59817
59821
59826
59843
59861
59885
59890
59895
59939
59952
59958
59962
59973
59976
59993
59998
60000
60004
60006
60016
60017
60018
60020
60029
60048
60052
60066
60073
60077
60086
60092
60096
60108
60110
60127
60151
60152
60158
60161
60169
60181
60185
60202
60226
60252
60254
60261
60271
60273
60284
60288
60314
60325
60329
60334
60356
60365
60369
60373
60384
60403
60415
60417
60442
60444
60447
60455
60496
60497
60503
60504
60523
60550
60565
60567
60574
60575
60582
60612
60616
60655
60668
60675
60697
60698
60699
60703
60725
60738
60745
60769
60783
60786
60792
60796
60801
60811
60825
60833
60834
60836
60841
60851
60863
60864
60866
60880
60890
60903
60911
60913
60915
60937
60943
60944
60962
60979
60995
60999
61010
61017
61021
61026
61027
61042
61058
61072
61114
61136
61155
61174
61180
61193
61194
61195
61199
61201
61205
61220
61260
61265
61275
61284
61294
61304
61309
61311
61324
61333
61334
61354
61355
61358
61359
61360
61365
61382
61391
61392
61394
61398
61407
61437
61438
61443
61450
61486
61499
61503
61521
61531
61536
61550
61552
61561
61571
61576
61577
61611
61636
61641
61658
61660
61661
61663
61676
61678
61680
61681
61707
61714
61721
61726
61731
61744
61758
61773
61828
61831
61843
61847
61852
61866
61898
61904
61917
61926
61938
61941
61943
61984
61987
61995
61996
62002
62013
62064
62076
62077
62086
62097
62107
62121
62126
62147
62157
62158
62188
62211
62221
62230
62234
62254
62260
62268
62304
62327
62329
62335
62337
62377
62381
62383
62397
62405
62406
62452
62461
62466
62473
62484
62486
62488
62525
62531
62534
62537
62541
62555
62575
62586
62595
62598
62604
62609
62632
62642
62644
62647
62674
62676
62677
62685
62687
62692
62695
62713
62714
62719
62726
62727
62728
62731
62742
62748
62764
62766
62791
62792
62797
62801
62826
62827
62833
62850
62873
62886
62888
62891
62896
62902
62915
62936
62953
62965
62967
63000
63012
63014
63021
63049
63052
63067
63075
63079
63080
63086
63118
63138
63140
63154
63162
63175
63176
63178
63179
63189
63221
63235
63243
63260
63262
63271
63272
63280
63285
63290
63298
63299
63322
63334
63337
63339
63349
63356
63366
63385
63386
63392
63419
63425
63427
63436
63451
63455
63463
63464
63470
63472
63485
63503
63512
63525
63542
63585
63614
63646
63651
63656
63664
63665
63669
63670
63682
63687
63689
63692
63702
63710
63744
63745
63748
63753
63757
63798
63800
63830
63856
63865
63873
63880
63883
63889
63902
63906
63913
63915
63928
63929
63936
63938
63943
63944
63966
63973
63977
63980
63982
63984
63988
64010
64016
64022
64025
64047
64055
64064
64095
64104
64115
64130
64131
64139
64146
64149
64153
64189
64213
64218
64234
64238
64240
64245
64246
64248
64255
64257
64259
64271
64273
64297
64305
64306
64308
64335
64365
64366
64368
64377
64382
64389
64391
64392
64394
64412
64419
64427
64428
64433
64437
64445
64455
64482
64494
64509
64543
64550
64552
64588
64615
64617
64623
64627
64638
64640
64650
64653
64654
64660
64676
64680
64682
64721
64723
64731
64743
64748
64787
64813
64830
64851
64857
64883
64886
64888
64896
64916
64923
64933
64950
64964
64977
64985
64987
65048
65060
65061
65067
65074
65076
65078
65085
65088
65103
65113
65120
65124
65145
65146
65148
65151
65182
65185
65186
65187
65196
65197
65207
65219
65226
65237
65257
65264
65265
65269
65289
65290
65300
65316
65318
65324
65339
65343
65346
65359
65382
65388
65390
65419
65436
65441
65455
65474
65477
65480
65481
65487
65491
65499
65512
65525
65528
65566
65573
65575
65578
65586
65589
65596
65603
65606
65629
65634
65642
65653
65654
65665
65668
65677
65685
65693
65695
65700
65718
65719
65721
65727
65728
65772
65784
65811
65843
65871
65874
65879
65882
65883
65893
65926
65943
65959
65963
65972
65991
65994
66003
66012
66014
66019
66021
66023
66028
66069
66071
66077
66093
66108
66110
66117
66122
66132
66143
66145
66147
66148
66150
66160
66168
66185
66190
66197
66204
66212
66228
66229
66233
66235
66237
66242
66243
66250
66261
66266
66277
66292
66303
66307
66311
66317
66326
66334
66335
66363
66364
66365
66385
66392
66400
66401
66407
66414
66418
66430
66443
66446
66447
66452
66455
66469
66477
66478
66492
66510
66511
66517
66522
66528
66536
66545
66549
66553
66555
66557
66558
66576
66596
66607
66617
66621
66625
66629
66636
66652
66653
66659
66672
66681
66691
66720
66727
66734
66735
66749
66759
66767
66769
66770
66790
66808
66813
66826
66833
66852
66866
66872
66876
66881
66882
66892
66898
66905
66916
66919
66935
66948
66953
66955
66958
66960
66984
66998
67030
67039
67047
67060
67071
67091
67092
67117
67123
67124
67136
67145
67149
67151
67167
67182
67200
67220
67224
67250
67260
67279
67286
67292
67293
67308
67310
67326
67339
67346
67369
67374
67377
67380
67383
67389
67412
67414
67435
67439
67448
67449
67456
67459
67461
67472
67485
67489
67490
67499
67505
67536
67545
67546
67549
67554
67555
67571
67575
67586
67594
67640
67650
67661
67665
67676
67683
67684
67697
67701
67704
67711
67728
67731
67744
67773
67786
67794
67795
67811
67812
67814
67831
67845
67848
67855
67858
67870
67871
67875
67895
67902
67906
67919
67926
67930
67950
67951
67966
67968
67978
67980
67995
67998
68005
68014
68031
68046
68054
68057
68064
68068
68070
68082
68083
68085
68088
68101
68116
68169
68173
68190
68220
68223
68262
68267
68273
68284
68292
68299
68304
68309
68314
68328
68337
68343
68374
68397
68400
68401
68405
68411
68419
68423
68428
68441
68443
68445
68447
68468
68492
68508
68514
68520
68521
68550
68570
68588
68595
68602
68603
68608
68611
68621
68637
68639
68645
68674
68684
68686
68695
68707
68714
68717
68724
68740
68743
68753
68757
68760
68780
68786
68795
68810
68825
68828
68829
68834
68851
68852
68867
68878
68891
68892
68908
68909
68935
68958
68963
68975
68992
68995
69008
69019
69027
69048
69054
69059
69067
69081
69088
69092
69139
69147
69148
69152
69187
69212
69214
69219
69222
69237
69241
69260
69263
69266
69280
69286
69298
69327
69336
69338
69358
69362
69363
69383
69388
69392
69410
69429
69439
69442
69444
69457
69492
69495
69496
69497
69515
69550
69551
69567
69570
69575
69577
69585
69589
69594
69607
69613
69647
69652
69659
69685
69702
69718
69719
69737
69752
69758
69765
69773
69786
69793
69811
69822
69829
69845
69857
69865
69883
69900
69914
69926
69927
69928
69933
69965
69974
69984
69996
70005
70006
70019
70027
70089
70097
70116
70131
70140
70160
70172
70174
70176
70192
70193
70214
70223
70232
70241
70252
70256
70262
70316
70317
70331
70335
70357
70382
70390
70392
70397
70405
70412
70420
70434
70435
70449
70461
70470
70481
70492
70496
70497
70501
70502
70524
70526
70528
70530
70545
70556
70575
70578
70579
70580
70581
70593
70597
70598
70611
70650
70671
70678
70686
70692
70693
70711
70730
70736
70744
70752
70757
70791
70799
70800
70803
70829
70833
70836
70843
70846
70854
70855
70861
70870
70875
70878
70888
70892
70908
70917
70925
70935
70936
70938
70941
70956
70966
70970
70980
71020
71026
71028
71033
71052
71054
71058
71079
71101
71115
71154
71159
71167
71193
71195
71198
71204
71208
71209
71211
71226
71234
71242
71249
71260
71272
71275
71277
71290
71300
71301
71332
71363
71382
71383
71386
71392
71400
71425
71426
71441
71466
71475
71476
71482
71490
71508
71513
71536
71546
71552
71557
71558
71567
71572
71576
71590
71591
71609
71628
71642
71651
71666
71674
71679
71680
71682
71690
71696
71724
71731
71736
71743
71749
71754
71759
71764
71779
71790
71794
71803
71813
71815
71827
71830
71837
71842
71843
71849
71855
71864
71868
71884
71892
71895
71901
71906
71907
71920
71943
71961
71978
71985
72007
72008
72015
72016
72018
72025
72055
72068
72071
72089
72106
72117
72127
72131
72143
72151
72168
72171
72174
72179
72185
72190
72205
72216
72237
72241
72247
72253
72256
72259
72276
72291
72292
72299
72300
72315
72319
72332
72347
72359
72366
72369
72375
72378
72384
72395
72433
72440
72447
72448
72450
72468
72486
72493
72503
72515
72517
72525
72530
72540
72544
72553
72566
72568
72572
72574
72576
72585
72600
72616
72619
72631
72649
72654
72668
72686
72697
72703
72706
72726
72732
72736
72740
72748
72751
72758
72769
72771
72773
72788
72801
72802
72811
72817
72838
72856
72868
72879
72895
72896
72909
72915
72917
72921
72927
72948
72949
72951
72982
72986
73013
73043
73049
73060
73068
73074
73077
73104
73106
73123
73142
73181
73196
73205
73212
73218
73219
73220
73224
73228
73248
73251
73252
73262
73295
73297
73303
73309
73321
73359
73362
73364
73371
73377
73379
73381
73384
73389
73393
73400
73422
73423
73424
73439
73446
73448
73453
73466
73471
73472
73476
73513
73524
73525
73534
73551
73563
73569
73582
73593
73596
73603
73605
73611
73633
73640
73657
73659
73697
73707
73714
73743
73746
73761
73762
73764
73774
73802
73825
73829
73835
73840
73847
73848
73852
73856
73857
73868
73869
73894
73897
73904
73914
73920
73925
73926
73931
73943
73948
73951
73964
73970
73974
73978
73979
73984
73991
73994
74004
74007
74017
74035
74050
74051
74071
74083
74087
74104
74112
74121
74135
74137
74138
74142
74184
74185
74201
74209
74220
74224
74233
74237
74239
74248
74254
74256
74279
74285
74290
74296
74323
74327
74332
74337
74373
74376
74381
74389
74392
74399
74400
74408
74412
74416
74418
74431
74439
74457
74460
74469
74523
74528
74529
74531
74533
74540
74545
74553
74561
74568
74578
74585
74593
74596
74599
74602
74614
74623
74629
74640
74641
74654
74659
74660
74667
74674
74679
74695
74705
74711
74773
74782
74783
74786
74810
74819
74823
74828
74831
74832
74840
74844
74846
74852
74856
74860
74862
74863
74882
74883
74884
74889
74890
74899
74905
74916
74923
74932
74948
74950
74957
74992
74993
74995
74996
74998
75000
75002
75014
75026
75029
75034
75037
75039
75040
75041
75047
75048
75068
75070
75073
75094
75100
75135
75137
75181
75194
75196
75199
75204
75212
75218
75228
75239
75243
75251
75264
75266
75281
75282
75286
75290
75294
75310
75314
75329
75343
75352
75359
75380
75389
75411
75428
75430
75458
75463
75474
75479
75484
75489
75500
75506
75510
75512
75519
75520
75546
75550
75553
75562
75567
75568
75570
75580
75591
75592
75594
75607
75611
75613
75623
75637
75639
75652
75655
75657
75670
75692
75700
75704
75710
75713
75715
75718
75730
75738
75747
75763
75768
75771
75780
75789
75792
75814
75839
75844
75857
75863
75864
75899
75924
75939
75946
75958
75959
75961
75965
75970
75974
75986
76011
76021
76023
76031
76048
76067
76081
76085
76089
76119
76124
76138
76139
76158
76164
76167
76169
76176
76180
76201
76250
76260
76261
76267
76270
76290
76296
76304
76311
76317
76322
76353
76354
76358
76370
76371
76375
76394
76398
76401
76406
76430
76458
76459
76464
76472
76473
76475
76484
76490
76514
76521
76523
76528
76547
76557
76564
76565
76568
76569
76594
76596
76605
76611
76625
76637
76638
76646
76649
76650
76676
76688
76691
76713
76733
76735
76738
76740
76758
76759
76761
76763
76764
76783
76825
76827
76833
76838
76843
76854
76862
76869
76879
76888
76898
76899
76903
76916
76939
76943
76949
76953
76958
76959
76961
76972
76986
76994
77021
77022
77028
77030
77032
77034
77037
77041
77053
77057
77061
77063
77069
77073
77081
77084
77087
77100
77109
77111
77114
77121
77126
77127
77141
77143
77150
77154
77176
77192
77202
77214
77221
77229
77252
77266
77268
77276
77277
77284
77285
77294
77296
77303
77309
77322
77341
77343
77373
77384
77386
77387
77400
77404
77418
77430
77440
77455
77463
77475
77488
77495
77502
77507
77510
77519
77524
77530
77536
77538
77545
77547
77551
77564
77567
77577
77585
77591
77619
77627
77629
77636
77646
77652
77670
77676
77677
77700
77703
77708
77716
77724
77727
77734
77744
77750
77756
77758
77775
77822
77832
77836
77844
77846
77856
77867
77883
77884
77897
77899
77947
77966
77978
77991
77996
78003
78006
78014
78023
78046
78064
78074
78075
78109
78128
78133
78138
78148
78181
78187
78196
78203
78207
78224
78250
78268
78269
78286
78293
78299
78303
78325
78355
78371
78378
78388
78390
78391
78417
78424
78433
78440
78442
78443
78449
78451
78458
78462
78479
78487
78490
78491
78492
78497
78498
78501
78503
78508
78517
78531
78544
78554
78559
78584
78592
78603
78610
78611
78622
78655
78656
78668
78684
78699
78701
78717
78725
78727
78734
78746
78748
78751
78752
78756
78794
78795
78806
78823
78825
78841
78846
78848
78855
78858
78864
78893
78894
78896
78905
78941
78956
78964
78972
78974
78978
78980
79005
79007
79020
79036
79046
79054
79096
79111
79120
79127
79134
79143
79145
79150
79152
79153
79168
79177
79182
79225
79229
79232
79240
79248
79252
79279
79287
79310
79317
79336
79343
79348
79355
79356
79364
79377
79382
79397
79401
79409
79459
79463
79473
79476
79482
79484
79487
79488
79501
79510
79517
79529
79553
79562
79564
79565
79573
79591
79596
79597
79612
79615
79620
79625
79626
79631
79669
79670
79682
79684
79689
79695
79700
79733
79743
79747
79772
79776
79790
79798
79807
79817
79842
79859
79864
79876
79881
79886
79909
79921
79923
79932
79935
79937
79955
79965
79978
79992
79993
80000
80002
80010
80034
80039
80040
80041
80047
80052
80055
80061
80063
80064
80067
80078
80092
80112
80144
80149
80169
80171
80172
80181
80184
80188
80190
80191
80208
80211
80213
80217
80219
80227
80236
80243
80249
80252
80253
80256
80261
80266
80267
80271
80280
80283
80290
80299
80302
80319
80329
80343
80344
80356
80367
80370
80404
80411
80416
80433
80446
80456
80460
80464
80477
80485
80512
80515
80518
80534
80541
80542
80547
80552
80556
80568
80576
80578
80588
80593
80602
80614
80636
80645
80647
80653
80663
80680
80686
80699
80700
80724
80736
80743
80744
80745
80758
80759
80773
80778
80782
80801
80810
80821
80845
80860
80870
80881
80890
80904
80924
80961
80993
81013
81014
81018
81023
81038
81068
81072
81084
81087
81102
81150
81166
81172
81178
81193
81199
81206
81208
81211
81216
81251
81266
81267
81273
81275
81279
81303
81325
81327
81330
81332
81353
81367
81390
81412
81430
81437
81449
81465
81479
81490
81519
81526
81549
81590
81599
81604
81608
81610
81621
81635
81636
81640
81652
81654
81656
81662
81668
81683
81696
81701
81702
81713
81722
81724
81753
81765
81802
81804
81825
81827
81839
81882
81887
81893
81918
81934
81952
81958
81971
81973
81974
81977
81980
82005
82043
82054
82071
82074
82075
82089
82095
82109
82111
82124
82127
82140
82143
82165
82172
82189
82192
82212
82217
82240
82247
82266
82268
82269
82273
82275
82277
82283
82298
82299
82320
82329
82352
82353
82356
82360
82378
82380
82381
82390
82416
82422
82423
82443
82454
82466
82474
82477
82479
82486
82489
82495
82504
82507
82524
82529
82537
82542
82573
82581
82594
82608
82617
82626
82628
82629
82637
82638
82647
82651
82662
82671
82678
82684
82690
82701
82702
82726
82728
82749
82755
82759
82780
82787
82788
82804
82816
82824
82836
82842
82853
82860
82865
82866
82911
82915
82916
82927
82928
82945
82951
82961
82963
82973
82981
82993
82994
83007
83009
83021
83024
83026
83038
83054
83059
83060
83078
83091
83094
83097
83103
83110
83121
83149
83154
83157
83163
83189
83194
83200
83219
83229
83236
83239
83255
83266
83267
83282
83288
83293
83294
83295
83298
83300
83307
83337
83339
83349
83368
83395
83404
83419
83422
83429
83455
83461
83462
83471
83472
83476
83485
83494
83497
83507
83511
83517
83527
83531
83535
83541
83542
83575
83577
83584
83587
83595
83596
83605
83606
83610
83612
83629
83633
83652
83658
83674
83679
83680
83714
83743
83765
83771
83782
83792
83838
83843
83862
83867
83869
83888
83899
83902
83906
83921
83924
83926
83948
83954
83970
83974
83989
83991
84007
84011
84014
84016
84018
84039
84046
84060
84080
84082
84087
84089
84091
84099
84112
84114
84117
84120
84137
84139
84144
84154
84164
84168
84177
84181
84182
84196
84203
84206
84209
84215
84223
84235
84238
84241
84263
84272
84306
84314
84359
84371
84372
84378
84382
84395
84405
84414
84419
84431
84451
84458
84466
84481
84483
84492
84507
84515
84517
84518
84520
84548
84553
84562
84581
84595
84614
84620
84624
84629
84634
84674
84677
84687
84689
84691
84702
84708
84728
84741
84753
84757
84760
84794
84803
84808
84826
84845
84853
84856
84858
84860
84890
84896
84908
84915
84916
84930
84935
84943
84948
84952
84953
84960
84964
84967
84979
84988
84996
85001
85003
85015
85040
85046
85051
85055
85062
85075
85077
85099
85104
85112
85123
85133
85137
85140
85152
85154
85157
85162
85164
85179
85183
85191
85192
85206
85221
85231
85240
85249
85251
85258
85262
85264
85284
85288
85292
85308
85322
85328
85340
85342
85351
85358
85366
85373
85375
85392
85413
85418
85419
85420
85438
85487
85498
85500
85512
85520
85522
85525
85533
85535
85536
85544
85555
85563
85568
85589
85608
85611
85615
85623
85624
85657
85703
85713
85728
85730
85738
85748
85780
85790
85796
85801
85808
85810
85820
85842
85855
85894
85900
85903
85904
85918
85955
85977
85989
85993
86000
86009
86013
86039
86043
86064
86092
86101
86106
86112
86126
86129
86131
86137
86138
86148
86161
86162
86176
86216
86223
86225
86239
86255
86313
86342
86356
86375
86389
86400
86405
86414
86428
86434
86441
86442
86444
86448
86459
86468
86470
86474
86475
86483
86491
86501
86506
86508
86526
86539
86551
86573
86574
86575
86578
86607
86609
86611
86617
86663
86676
86693
86712
86749
86756
86773
86777
86787
86794
86797
86815
86823
86824
86842
86851
86867
86883
86887
86905
86910
86921
86924
86937
86967
87010
87015
87017
87018
87048
87053
87056
87068
87072
87092
87094
87110
87111
87129
87131
87154
87161
87169
87178
87182
87193
87197
87202
87238
87259
87268
87282
87284
87319
87325
87332
87333
87342
87365
87369
87376
87379
87384
87393
87400
87406
87425
87434
87446
87471
87483
87496
87502
87503
87522
87526
87533
87534
87539
87560
87564
87580
87582
87584
87586
87593
87595
87599
87602
87606
87609
87611
87613
87618
87625
87632
87652
87662
87670
87672
87673
87675
87681
87687
87703
87707
87711
87712
87713
87715
87741
87745
87755
87764
87783
87786
87791
87793
87813
87815
87838
87844
87848
87854
87868
87871
87874
87875
87876
87883
87919
87933
87938
87948
87985
87996
87999
88002
88005
88011
88017
88019
88021
88053
88065
88074
88082
88089
88110
88112
88117
88121
88145
88173
88189
88198
88212
88220
88227
88236
88239
88243
88256
88270
88294
88302
88315
88324
88334
88340
88372
88389
88397
88423
88455
88471
88479
88480
88483
88484
88499
88511
88518
88549
88560
88570
88600
88615
88630
88634
88641
88655
88716
88725
88729
88733
88753
88754
88756
88763
88787
88794
88795
88804
88807
88808
88812
88823
88824
88826
88838
88839
88850
88854
88856
88861
88875
88892
88898
88903
88932
88936
88941
88951
88971
88972
88993
88995
89008
89016
89022
89025
89032
89034
89041
89044
89047
89048
89067
89075
89082
89127
89130
89131
89141
89144
89158
89173
89177
89188
89189
89191
89222
89226
89233
89236
89242
89249
89250
89278
89286
89294
89335
89349
89361
89375
89377
89381
89393
89395
89398
89410
89422
89428
89434
89438
89447
89455
89460
89480
89481
89482
89492
89502
89504
89536
89548
89553
89563
89590
89626
89646
89650
89660
89669
89679
89680
89685
89698
89703
89704
89706
89725
89735
89737
89738
89755
89762
89767
89775
89784
89791
89796
89798
89804
89824
89857
89866
89869
89900
89902
89918
89924
89925
89950
89952
89968
89969
89972
89976
89980
89990
89995
90015
90033
90043
90045
90048
90051
90057
90060
90075
90088
90097
90107
90121
90131
90132
90142
90153
90158
90159
90162
90166
90172
90179
90192
90193
90205
90210
90233
90235
90239
90250
90265
90274
90277
90285
90295
90300
90302
90304
90305
90319
90324
90331
90332
90338
90339
90341
90343
90344
90353
90378
90383
90387
90390
90400
90420
90427
90434
90442
90450
90459
90473
90477
90480
90501
90507
90514
90517
90522
90528
90543
90576
90602
90630
90631
90634
90649
90651
90659
90667
90675
90709
90717
90719
90727
90736
90742
90751
90752
90772
90788
90801
90838
90841
90848
90850
90855
90873
90877
90892
90903
90913
90937
90941
90944
90945
90950
90952
90957
90973
91002
91006
91031
91047
91048
91050
91063
91071
91107
91121
91131
91132
91133
91150
91162
91194
91195
91205
91209
91215
91228
91231
91232
91240
91241
91242
91254
91255
91258
91262
91276
91278
91283
91284
91291
91300
91325
91326
91368
91376
91384
91398
91416
91418
91419
91430
91432
91438
91444
91455
91503
91509
91511
91521
91539
91581
91584
91589
91593
91601
91604
91609
91614
91615
91621
91630
91639
91652
91663
91667
91696
91700
91705
91720
91745
91768
91772
91786
91802
91803
91820
91826
91828
91841
91893
91895
91898
91909
91913
91921
91938
91951
91970
91975
91976
91983
92000
92009
92012
92019
92028
92061
92068
92073
92079
92083
92089
92093
92116
92118
92139
92144
92150
92163
92176
92182
92187
92197
92214
92219
92237
92246
92248
92275
92285
92303
92307
92314
92321
92354
92380
92394
92397
92399
92414
92419
92442
92447
92473
92497
92532
92538
92539
92543
92545
92555
92568
92591
92592
92611
92614
92634
92650
92655
92656
92670
92672
92682
92683
92733
92738
92741
92745
92748
92750
92752
92754
92773
92775
92798
92801
92807
92826
92834
92847
92852
92875
92882
92883
92885
92889
92902
92907
92918
92935
92954
92973
92979
92985
92988
93009
93021
93024
93038
93040
93084
93102
93130
93142
93149
93165
93179
93180
93183
93200
93208
93210
93219
93225
93231
93241
93249
93251
93252
93255
93280
93284
93291
93298
93301
93306
93315
93316
93343
93357
93359
93373
93379
93389
93410
93417
93422
93430
93464
93465
93475
93495
93497
93508
93525
93536
93548
93550
93562
93585
93590
93596
93604
93618
93621
93649
93677
93682
93692
93694
93703
93708
93711
93714
93730
93735
93747
93755
93760
93776
93787
93800
93805
93829
93846
93866
93868
93888
93901
93923
93925
93951
93958
93964
93966
93972
93977
93985
93991
94009
94011
94015
94021
94043
94046
94053
94059
94063
94067
94078
94079
94086
94087
94101
94104
94113
94120
94121
94137
94139
94143
94166
94210
94218
94222
94223
94227
94231
94244
94264
94277
94286
94287
94293
94295
94298
94302
94321
94347
94349
94365
94368
94393
94417
94418
94422
94434
94438
94442
94449
94454
94470
94496
94507
94512
94520
94532
94534
94547
94554
94555
94557
94567
94573
94580
94582
94602
94603
94613
94626
94629
94630
94636
94661
94674
94679
94686
94687
94715
94719
94725
94729
94730
94735
94782
94784
94786
94796
94815
94826
94832
94842
94848
94868
94874
94876
94890
94897
94915
94924
94932
94933
94944
94948
94952
94966
94967
94970
94985
94994
94998
95000
95001
95006
95010
95022
95074
95083
95110
95140
95144
95156
95164
95175
95182
95183
95198
95199
95221
95224
95225
95232
95238
95244
95260
95261
95269
95284
95299
95303
95310
95311
95313
95325
95338
95344
95345
95368
95393
95436
95441
95450
95456
95487
95495
95499
95509
95516
95548
95562
95570
95584
95600
95605
95607
95618
95625
95635
95642
95655
95657
95658
95666
95696
95702
95761
95770
95801
95822
95825
95828
95834
95836
95837
95848
95854
95857
95863
95882
95883
95888
95891
95932
95944
95974
95994
95998
95999
96025
96049
96050
96051
96059
96065
96071
96079
96087
96089
96093
96120
96126
96138
96145
96147
96161
96170
96177
96179
96183
96194
96204
96235
96246
96254
96258
96274
96316
96325
96330
96334
96339
96340
96344
96349
96361
96371
96373
96385
96410
96412
96430
96434
96436
96450
96452
96458
96462
96476
96500
96508
96509
96537
96545
96551
96558
96561
96566
96579
96580
96583
96588
96603
96608
96625
96638
96643
96648
96656
96666
96668
96672
96678
96713
96727
96739
96770
96773
96780
96795
96796
96806
96810
96814
96818
96829
96834
96839
96851
96852
96855
96859
96872
96876
96885
96897
96913
96919
96925
96927
96936
96945
96950
96951
96959
97001
97009
97010
97015
97021
97036
97041
97063
97072
97078
97083
97089
97094
97095
97113
97118
97119
97129
97164
97165
97166
97169
97172
97198
97200
97214
97229
97234
97236
97239
97283
97287
97298
97309
97326
97351
97363
97369
97371
97377
97383
97393
97394
97402
97405
97408
97409
97413
97418
97422
97428
97432
97443
97444
97461
97463
97466
97477
97479
97490
97492
97502
97510
97513
97556
97566
97570
97584
97600
97609
97613
97642
97652
97657
97658
97664
97671
97673
97696
97698
97702
97716
97733
97756
97761
97782
97783
97803
97805
97809
97819
97828
97839
97844
97874
97875
97879
97891
97894
97908
97922
97939
97950
97957
97962
97965
97973
97984
97985
97988
97989
97990
97998
98025
98040
98056
98061
98089
98095
98098
98102
98112
98116
98141
98144
98151
98166
98169
98205
98211
98218
98222
98245
98261
98266
98268
98272
98273
98275
98283
98288
98299
98317
98326
98327
98328
98331
98333
98346
98363
98370
98385
98390
98393
98397
98433
98440
98447
98449
98459
98469
98470
98471
98487
98497
98522
98523
98533
98545
98547
98548
98563
98565
98573
98576
98593
98596
98598
98613
98643
98653
98656
98661
98664
98666
98671
98677
98682
98689
98704
98706
98708
98718
98756
98774
98779
98783
98796
98802
98815
98818
98822
98831
98862
98869
98873
98891
98901
98942
98943
98947
98949
98960
98973
98985
99005
99036
99049
99052
99059
99067
99078
99083
99097
99099
99111
99140
99161
99172
99190
99191
99192
99194
99201
99206
99215
99218
99229
99242
99265
99273
99276
99279
99287
99291
99313
99337
99338
99350
99375
99376
99395
99405
99409
99412
99420
99439
99443
99449
99459
99462
99466
99476
99485
99494
99520
99528
99558
99559
99560
99567
99578
99590
99599
99600
99604
99626
99635
99660
99673
99677
99696
99699
99711
99712
99739
99753
99754
99759
99761
99763
99770
99772
99791
99813
99820
99834
99835
99841
99845
99859
99864
99873
99877
99893
99895
99915
99924
99933
99945
99948
99950
99960
99975
99988
k
