7
12
18
20
41
52
54
62
83
107
108
109
139
160
162
181
194
218
220
235
244
248
251
258
259
263
273
278
291
292
312
314
324
326
345
351
355
370
378
409
416
428
434
441
446
449
451
460
465
467
478
491
497
511
552
553
573
575
576
577
590
598
645
646
656
696
701
713
717
728
731
737
738
753
762
769
779
787
808
809
814
822
824
827
833
848
867
870
877
882
911
924
927
938
944
952
961
980
985
1009
1018
1022
1028
1031
1078
1096
1097
1106
1107
1121
1123
1124
1132
1136
1145
1150
1163
1185
1196
1203
1214
1215
1218
1241
1243
1248
1269
1270
1288
1295
1314
1323
1375
1380
1387
1388
1394
1400
1417
1427
1429
1433
1440
1441
1450
1476
1490
1495
1499
1515
1518
1520
1529
1536
1541
1552
1565
1575
1584
1651
1652
1653
1656
1658
1659
1660
1664
1667
1668
1670
1681
1692
1709
1710
1713
1719
1721
1739
1764
1766
1779
1783
1791
1794
1803
1804
1807
1812
1816
1830
1841
1849
1859
1873
1886
1896
1899
1909
1912
1950
1959
1961
1962
1969
1989
2013
2022
2051
2058
2066
2083
2084
2098
2101
2110
2150
2177
2195
2196
2217
2238
2246
2248
2265
2266
2275
2279
2281
2287
2291
2292
2293
2312
2328
2331
2333
2337
2348
2349
2352
2354
2356
2358
2376
2383
2390
2396
2412
2416
2443
2460
2463
2468
2481
2486
2490
2491
2500
2527
2543
2545
2549
2563
2572
2574
2577
2586
2618
2626
2638
2641
2666
2672
2677
2711
2726
2745
2753
2765
2797
2820
2825
2844
2846
2850
2854
2860
2890
2894
2926
2930
2948
2957
2966
2967
2970
2974
2976
2978
2987
3001
3019
3027
3031
3040
3042
3065
3070
3072
3073
3083
3086
3105
3111
3112
3120
3130
3138
3140
3154
3163
3170
3185
3186
3188
3191
3196
3200
3201
3206
3215
3220
3223
3232
3237
3241
3248
3259
3263
3268
3271
3282
3284
3291
3302
3331
3339
3355
3358
3370
3372
3381
3423
3427
3441
3474
3477
3489
3500
3512
3521
3549
3550
3559
3599
3626
3639
3646
3656
3679
3689
3707
3713
3780
3782
3803
3825
3831
3841
3842
3862
3872
3875
3878
3879
3900
3903
3913
3915
3923
3930
3932
3935
3937
3943
3944
3961
3968
3990
3999
k
