21
26
37
60
72
81
122
123
125
141
153
161
169
192
199
205
214
244
246
250
260
262
303
324
328
342
346
359
360
367
369
371
378
386
404
405
410
414
420
427
437
447
452
454
465
467
473
474
480
488
492
531
541
546
547
549
563
568
569
573
580
582
584
588
594
602
608
610
622
625
628
636
641
649
652
663
664
683
700
704
729
735
739
797
809
810
812
817
826
833
854
861
882
894
895
898
928
930
936
944
961
971
973
983
999
1032
1038
1056
1069
1086
1095
1126
1128
1135
1139
1163
1166
1175
1182
1203
1208
1209
1211
1222
1223
1225
1264
1268
1270
1275
1282
1288
1297
1298
1305
1318
1344
1358
1372
1388
1389
1392
1401
1415
1445
1446
1453
1455
1458
1459
1462
1463
1478
1483
1486
1489
1492
1499
1504
1506
1513
1515
1518
1519
1526
1536
1570
1572
1576
1577
1580
1621
1628
1638
1647
1660
1678
1724
1737
1760
1768
1787
1788
1791
1793
1800
1807
1821
1827
1837
1838
1875
1877
1881
1917
1970
1977
1986
2020
2023
2030
2036
2046
2050
2051
2052
2057
2058
2060
2065
2087
2113
2115
2143
2160
2180
2205
2207
2219
2223
2226
2236
2244
2258
2260
2262
2281
2291
2313
2316
2325
2335
2336
2337
2346
2371
2385
2387
2388
2398
2403
2446
2458
2462
2464
2469
2476
2505
2524
2537
2539
2559
2575
2577
2578
2588
2596
2598
2600
2648
2651
2659
2686
2694
2702
2708
2725
2727
2732
2762
2769
2776
2790
2796
2804
2806
2818
2821
2832
2840
2891
2895
2902
2903
2916
2917
2939
2984
2998
3005
3021
3033
3057
3066
3067
3080
3087
3115
3125
3146
3151
3186
3194
3198
3210
3212
3223
3225
3260
3261
3267
3269
3277
3302
3310
3323
3329
3330
3332
3337
3354
3363
3365
3369
3378
3385
3438
3440
3450
3452
3455
3462
3466
3480
3486
3490
3493
3501
3504
3506
3507
3516
3522
3527
3545
3548
3549
3552
3559
3564
3579
3596
3611
3612
3622
3630
3641
3643
3647
3649
3652
3661
3676
3681
3683
3684
3690
3703
3708
3713
3717
3734
3746
3760
3763
3767
3796
3811
3814
3819
3846
3853
3865
3881
3888
3896
3907
3908
3912
3925
3938
3954
3956
3976
3989
3996
4011
4026
4036
4041
4043
4046
4048
4053
4065
4080
4093
4094
4106
4109
4110
4126
4175
4176
4178
4212
4215
4238
4250
4255
4260
4283
4288
4296
4305
4315
4333
4340
4343
4348
4352
4393
4398
4408
4419
4430
4444
4445
4461
4492
4497
4510
4522
4545
4546
4554
4559
4560
4572
4573
4577
4584
4619
4622
4634
4636
4647
4673
4676
4690
4693
4694
4705
4707
4720
4733
4736
4765
4780
4786
4788
4791
4801
4839
4840
4843
4850
4852
4858
4865
4872
4875
4878
4880
4926
4939
4943
4945
4946
4952
4964
4978
4980
4984
5017
5022
5029
5039
5046
5050
5058
5077
5093
5116
5150
5209
5217
5221
5236
5253
5264
5268
5276
5282
5300
5301
5302
5322
5326
5346
5356
5366
5379
5396
5400
5401
5414
5427
5436
5442
5449
5462
5467
5473
5474
5476
5490
5499
5517
5537
5543
5563
5565
5566
5598
5602
5609
5624
5626
5633
5642
5644
5645
5650
5666
5669
5696
5704
5709
5727
5737
5744
5746
5756
5759
5771
5776
5781
5806
5847
5855
5862
5864
5872
5895
5903
5905
5909
5910
5911
5919
5932
5968
5969
5989
5990
5993
5994
5999
6009
6014
6020
6023
6028
6035
6049
6066
6069
6094
6099
6107
6125
6126
6149
6152
6167
6175
6190
6196
6197
6217
6225
6230
6232
6234
6260
6273
6274
6278
6279
6280
6283
6293
6309
6313
6340
6360
6372
6377
6383
6388
6394
6395
6409
6414
6426
6430
6436
6445
6447
6460
6464
6478
6490
6524
6531
6553
6555
6571
6599
6613
6616
6619
6648
6663
6665
6670
6680
6707
6713
6720
6723
6724
6731
6734
6737
6751
6753
6764
6816
6819
6827
6837
6845
6848
6879
6889
6897
6902
6923
6933
6935
6956
6961
6962
6967
6976
7002
7022
7026
7080
7092
7102
7109
7115
7125
7126
7135
7153
7164
7170
7187
7218
7224
7225
7262
7264
7274
7279
7301
7304
7325
7330
7335
7342
7355
7372
7378
7383
7389
7408
7414
7417
7421
7428
7431
7438
7443
7457
7465
7469
7472
7478
7490
7491
7516
7528
7529
7530
7540
7542
7546
7555
7560
7561
7567
7570
7576
7579
7601
7602
7603
7611
7613
7618
7627
7646
7670
7674
7690
7712
7727
7737
7742
7752
7755
7756
7773
7775
7778
7783
7784
7787
7792
7800
7816
7825
7846
7867
7868
7877
7878
7879
7880
7901
7925
7940
7955
8000
8002
8009
8023
8025
8027
8032
8064
8066
8067
8073
8078
8082
8088
8090
8104
8112
8122
8131
8142
8145
8147
8148
8150
8167
8172
8175
8191
8199
8222
8223
8224
8228
8241
8259
8271
8285
8286
8287
8298
8300
8302
8313
8336
8354
8359
8367
8369
8376
8385
8391
8398
8412
8416
8426
8434
8435
8442
8445
8459
8460
8462
8465
8493
8504
8531
8568
8569
8583
8584
8593
8605
8611
8627
8636
8641
8647
8650
8663
8671
8676
8684
8690
8691
8695
8696
8699
8709
8714
8716
8719
8756
8757
8765
8780
8790
8800
8807
8815
8817
8823
8830
8836
8851
8868
8869
8877
8909
8920
8943
8955
8981
8983
8989
8990
9000
9006
9028
9029
9041
9048
9055
9059
9074
9082
9088
9103
9107
9111
9120
9147
9150
9155
9160
9164
9170
9172
9180
9204
9213
9221
9229
9241
9243
9251
9267
9270
9282
9298
9310
9333
9371
9383
9385
9389
9402
9430
9433
9441
9462
9463
9486
9504
9536
9572
9586
9588
9594
9604
9607
9613
9621
9624
9629
9630
9642
9660
9672
9691
9707
9717
9721
9733
9759
9764
9770
9779
9789
9802
9828
9841
9853
9854
9858
9861
9863
9873
9899
9900
9905
9911
9925
9928
9931
9943
9947
9948
9952
9968
9978
9982
9988
k
