12
22
27
28
45
48
59
69
71
88
89
104
106
120
121
124
128
129
140
141
147
149
152
153
159
163
168
184
193
194
196
197
210
222
239
298
305
307
315
318
326
335
339
350
361
369
408
412
413
416
426
429
440
453
454
455
457
458
481
484
497
498
505
508
509
520
542
554
562
581
591
609
622
629
639
656
666
667
682
683
686
691
695
696
701
712
720
725
748
754
758
759
761
768
775
778
800
802
805
810
819
826
832
833
849
867
904
909
922
927
942
967
977
1036
1042
1051
1058
1068
1089
1099
1100
1103
1117
1128
1160
1176
1180
1191
1198
1204
1211
1222
1231
1233
1237
1244
1251
1257
1270
1273
1275
1279
1285
1286
1312
1317
1319
1334
1341
1344
1359
1360
1389
1392
1400
1423
1425
1469
1498
1521
1524
1528
1532
1560
1565
1572
1580
1586
1590
1591
1596
1606
1609
1618
1622
1634
1638
1641
1644
1647
1654
1667
1721
1723
1732
1743
1760
1772
1773
1783
1799
1829
1836
1852
1860
1861
1877
1885
1893
1901
1921
1925
1930
1968
1980
1985
1995
2021
2024
2027
2037
2038
2040
2045
2046
2049
2064
2066
2084
2086
2088
2093
2106
2108
2133
2160
2170
2187
2189
2198
2226
2233
2243
2254
2259
2263
2281
2289
2290
2318
2323
2329
2343
2347
2348
2367
2373
2377
2384
2408
2430
2433
2442
2455
2469
2476
2477
2480
2482
2484
2486
2491
2523
2528
2529
2531
2533
2536
2538
2543
2544
2554
2570
2576
2581
2591
2592
2594
2598
2618
2625
2654
2661
2663
2683
2709
2714
2718
2753
2763
2765
2769
2771
2777
2782
2787
2794
2800
2801
2816
2845
2847
2854
2864
2904
2919
2926
2939
2949
2952
2958
2983
2996
3003
3009
3010
3012
3016
3036
3050
3053
3057
3060
3080
3093
3095
3097
3099
3105
3121
3138
3156
3160
3170
3192
3196
3209
3218
3228
3239
3253
3288
3296
3303
3307
3316
3319
3321
3325
3334
3337
3349
3352
3357
3362
3371
3373
3376
3390
3396
3397
3405
3407
3409
3410
3423
3426
3428
3451
3455
3464
3468
3483
3484
3490
3501
3523
3529
3536
3537
3540
3542
3544
3548
3553
3557
3569
3574
3582
3586
3623
3626
3632
3638
3651
3657
3673
3680
3685
3694
3707
3710
3711
3720
3723
3730
3731
3732
3735
3738
3756
3763
3771
3775
3777
3784
3787
3790
3809
3814
3816
3828
3856
3858
3879
3883
3899
3900
3911
3916
3917
3929
3930
3931
3935
3943
3998
4002
4014
4023
4064
4091
4107
4138
4142
4148
4150
4153
4161
4162
4172
4187
4188
4190
4194
4209
4217
4223
4244
4245
4271
4275
4282
4284
4287
4298
4299
4314
4318
4320
4321
4326
4333
4335
4355
4356
4361
4411
4436
4444
4450
4455
4467
4484
4517
4531
4533
4538
4539
4543
4587
4591
4592
4612
4618
4623
4633
4637
4655
4658
4681
4688
4694
4702
4743
4777
4786
4800
4806
4815
4840
4843
4847
4851
4852
4854
4856
4857
4861
4864
4888
4894
4905
4906
4907
4915
4948
4956
4962
4979
4986
4990
5002
5006
5031
5036
5043
5044
5046
5050
5053
5056
5062
5073
5074
5083
5085
5101
5117
5126
5144
5151
5153
5157
5168
5172
5180
5183
5188
5192
5195
5200
5211
5213
5226
5241
5247
5248
5253
5256
5257
5260
5262
5275
5277
5285
5302
5312
5317
5331
5339
5345
5360
5375
5411
5435
5444
5458
5461
5473
5483
5494
5500
5506
5509
5546
5559
5560
5565
5571
5576
5601
5617
5619
5620
5647
5649
5662
5664
5666
5671
5684
5697
5708
5709
5712
5713
5728
5742
5748
5768
5790
5803
5810
5811
5813
5820
5840
5845
5853
5862
5867
5915
5920
5925
5927
5940
5942
5972
5974
5990
6029
6030
6055
6072
6086
6090
6108
6113
6126
6130
6131
6133
6139
6141
6146
6169
6183
6189
6197
6205
6206
6213
6215
6220
6226
6227
6241
6245
6249
6253
6254
6261
6263
6264
6281
6299
6300
6313
6315
6335
6348
6350
6389
6399
6416
6434
6487
6494
6502
6504
6543
6553
6556
6575
6582
6586
6594
6600
6617
6630
6631
6635
6644
6655
6685
6734
6743
6752
6758
6772
6781
6795
6812
6829
6830
6832
6836
6842
6844
6845
6848
6849
6876
6880
6882
6884
6901
6903
6906
6921
6923
6924
6926
6934
6935
6948
6952
6968
6969
6970
6975
6984
6988
7004
7018
7020
7026
7031
7092
7100
7125
7132
7136
7137
7156
7161
7186
7240
7246
7247
7248
7255
7257
7258
7265
7270
7278
7280
7296
7310
7313
7315
7333
7334
7337
7338
7340
7341
7344
7362
7372
7376
7380
7454
7461
7466
7467
7471
7494
7495
7509
7521
7532
7569
7589
7594
7611
7613
7617
7648
7654
7659
7692
7694
7714
7716
7719
7725
7803
7807
7812
7815
7845
7850
7851
7853
7854
7856
7865
7866
7873
7884
7897
7898
7913
7917
7921
7925
7927
7938
7941
7942
7956
7957
7965
7968
7976
7990
8002
8007
8009
8021
8028
8030
8035
8046
8050
8070
8075
8084
8098
8113
8117
8121
8125
8130
8155
8176
8177
8222
8224
8251
8253
8258
8261
8263
8293
8295
8307
8311
8313
8326
8333
8334
8335
8359
8386
8392
8393
8394
8396
8428
8455
8456
8457
8463
8472
8477
8488
8491
8503
8506
8512
8514
8560
8562
8577
8589
8598
8600
8604
8611
8636
8640
8649
8675
8677
8687
8693
8694
8705
8716
8725
8730
8733
8739
8749
8753
8754
8758
8761
8774
8834
8844
8847
8850
8858
8910
8914
8918
8932
8949
8952
8992
8996
9003
9006
9012
9014
9015
9018
9021
9030
9051
9060
9069
9078
9083
9084
9085
9091
9095
9121
9155
9160
9167
9168
9169
9178
9180
9204
9205
9215
9221
9222
9223
9234
9274
9278
9282
9285
9294
9350
9391
9421
9423
9445
9448
9458
9462
9463
9467
9485
9495
9501
9512
9515
9517
9518
9521
9526
9535
9546
9561
9572
9573
9605
9616
9634
9641
9644
9647
9659
9660
9673
9674
9688
9723
9730
9737
9771
9773
9784
9796
9818
9819
9832
9844
9850
9851
9857
9866
9867
9874
9888
9897
9903
9910
9920
9930
9932
9938
9950
9951
9952
9954
9957
9968
9984
9986
10008
10024
10042
10043
10053
10064
10070
10076
10089
10095
10101
10121
10155
10165
10166
10181
10191
10198
10200
10206
10234
10247
10257
10261
10263
10265
10289
10298
10307
10316
10329
10343
10351
10359
10368
10382
10398
10403
10404
10417
10419
10439
10441
10452
10457
10459
10464
10467
10475
10479
10483
10487
10506
10509
10511
10523
10524
10535
10537
10539
10554
10578
10590
10595
10597
10618
10622
10629
10632
10638
10641
10656
10665
10680
10691
10704
10709
10711
10720
10721
10748
10751
10758
10761
10763
10783
10784
10803
10811
10826
10827
10831
10843
10849
10850
10866
10875
10880
10881
10882
10893
10904
10911
10916
10922
10924
10925
10991
11001
11005
11006
11007
11010
11014
11016
11020
11024
11026
11028
11033
11050
11064
11077
11078
11087
11099
11114
11117
11133
11142
11163
11167
11202
11203
11205
11221
11234
11241
11284
11289
11290
11312
11313
11314
11344
11348
11356
11364
11366
11390
11402
11406
11411
11420
11429
11439
11440
11453
11469
11501
11528
11539
11546
11574
11592
11597
11615
11625
11638
11644
11649
11657
11698
11707
11712
11716
11721
11755
11768
11777
11791
11794
11810
11816
11821
11840
11844
11847
11857
11878
11890
11912
11915
11917
11919
11933
11935
11942
11971
11980
11988
11991
11997
12005
12012
12036
12077
12090
12091
12116
12133
12152
12184
12194
12202
12203
12220
12224
12237
12243
12256
12261
12266
12280
12303
12307
12322
12352
12357
12358
12374
12382
12384
12391
12396
12398
12429
12481
12488
12498
12511
12520
12533
12545
12554
12561
12569
12595
12608
12616
12624
12626
12629
12631
12649
12663
12669
12689
12698
12703
12707
12714
12716
12727
12738
12746
12769
12792
12796
12798
12801
12811
12819
12833
12839
12867
12869
12896
12900
12902
12940
12948
12949
12956
12958
12968
12974
12987
13049
13067
13069
13078
13083
13084
13102
13106
13122
13133
13162
13172
13190
13202
13220
13230
13242
13249
13253
13266
13269
13281
13282
13283
13346
13355
13367
13385
13391
13395
13431
13438
13440
13444
13460
13466
13468
13470
13471
13472
13482
13513
13521
13525
13527
13540
13544
13558
13560
13569
13570
13571
13574
13590
13602
13611
13613
13633
13643
13655
13672
13676
13678
13685
13709
13728
13730
13752
13762
13763
13775
13813
13824
13829
13839
13842
13845
13862
13887
13891
13893
13906
13925
13941
13949
13953
13964
13972
13978
13993
13996
14003
14009
14016
14018
14047
14048
14071
14072
14083
14098
14102
14105
14110
14112
14116
14120
14132
14136
14142
14154
14172
14182
14190
14194
14209
14210
14214
14222
14251
14257
14269
14280
14283
14293
14302
14335
14348
14359
14370
14388
14407
14410
14415
14416
14453
14461
14463
14468
14479
14484
14486
14492
14502
14518
14519
14527
14536
14538
14549
14551
14558
14566
14567
14585
14588
14594
14598
14615
14625
14633
14658
14660
14666
14672
14682
14685
14703
14712
14716
14724
14731
14778
14780
14823
14824
14843
14854
14877
14880
14891
14904
14908
14910
14924
14932
14933
14935
14948
14963
14964
14975
15031
15033
15039
15047
15053
15061
15063
15067
15075
15086
15124
15144
15149
15161
15179
15182
15187
15204
15211
15216
15224
15233
15236
15244
15266
15284
15291
15293
15298
15313
15320
15324
15339
15344
15346
15372
15383
15385
15388
15412
15423
15425
15448
15467
15490
15492
15496
15503
15505
15513
15552
15563
15565
15574
15580
15614
15618
15625
15627
15629
15635
15641
15657
15670
15677
15679
15682
15710
15715
15723
15725
15738
15765
15768
15775
15777
15805
15827
15857
15863
15866
15875
15889
15911
15914
15917
15925
15932
15935
15936
15949
15963
15997
16002
16012
16028
16033
16042
16045
16052
16053
16065
16066
16096
16115
16121
16132
16134
16138
16139
16140
16167
16175
16180
16186
16187
16189
16197
16207
16244
16245
16250
16251
16259
16271
16277
16290
16298
16305
16320
16327
16328
16332
16345
16360
16372
16379
16382
16388
16419
16423
16424
16429
16454
16455
16460
16467
16479
16488
16497
16509
16520
16522
16534
16553
16558
16563
16574
16575
16577
16619
16620
16633
16643
16646
16652
16659
16663
16664
16681
16690
16691
16695
16713
16726
16732
16747
16752
16757
16765
16822
16830
16840
16845
16850
16852
16854
16863
16870
16886
16887
16898
16902
16905
16909
16933
16987
17002
17011
17035
17050
17051
17054
17066
17067
17077
17099
17106
17110
17125
17138
17143
17148
17152
17155
17169
17175
17177
17199
17209
17233
17234
17236
17237
17240
17256
17276
17278
17317
17348
17358
17371
17383
17400
17403
17415
17430
17460
17462
17463
17465
17474
17476
17480
17488
17498
17510
17512
17523
17551
17575
17582
17586
17595
17602
17632
17637
17649
17651
17652
17653
17673
17674
17677
17679
17680
17713
17717
17725
17735
17789
17807
17812
17820
17833
17839
17860
17865
17867
17872
17873
17878
17890
17914
17927
17929
17938
17992
17999
18000
18005
18021
18023
18048
18071
18079
18085
18105
18107
18109
18118
18121
18131
18133
18139
18141
18173
18178
18208
18209
18210
18224
18225
18234
18247
18250
18273
18281
18288
18289
18305
18322
18327
18356
18390
18399
18439
18442
18467
18489
18490
18495
18510
18522
18526
18539
18543
18556
18577
18581
18584
18585
18624
18654
18656
18700
18706
18712
18717
18719
18723
18729
18732
18739
18741
18753
18756
18758
18768
18777
18779
18786
18794
18798
18804
18818
18835
18858
18866
18868
18889
18895
18902
18917
18923
18927
18932
18933
18942
18963
18966
18985
18995
19022
19104
19112
19132
19134
19138
19142
19154
19158
19161
19163
19170
19172
19191
19193
19198
19199
19200
19207
19211
19219
19238
19240
19241
19250
19251
19262
19265
19276
19281
19282
19305
19311
19314
19334
19355
19360
19365
19373
19377
19391
19405
19413
19430
19447
19449
19465
19470
19488
19507
19532
19537
19546
19548
19552
19571
19591
19597
19621
19629
19651
19659
19665
19679
19703
19705
19709
19726
19730
19731
19733
19735
19736
19738
19765
19786
19787
19788
19791
19792
19794
19812
19841
19846
19854
19857
19872
19875
19884
19891
19908
19919
19937
19940
19946
19961
19966
19971
19978
20016
20017
20028
20038
20041
20052
20056
20069
20072
20089
20115
20120
20121
20124
20136
20152
20153
20156
20159
20161
20169
20170
20171
20173
20176
20186
20187
20197
20199
20201
20204
20212
20220
20223
20226
20231
20241
20243
20260
20269
20282
20290
20293
20313
20346
20359
20371
20377
20379
20382
20391
20406
20408
20418
20434
20437
20440
20442
20448
20455
20459
20479
20505
20517
20521
20531
20543
20545
20568
20589
20598
20604
20611
20620
20635
20649
20651
20657
20658
20661
20667
20674
20696
20707
20710
20712
20722
20730
20736
20752
20771
20773
20774
20776
20787
20798
20805
20809
20811
20872
20897
20908
20915
20919
20953
20990
21000
21050
21058
21074
21082
21101
21124
21131
21147
21149
21163
21172
21174
21180
21189
21194
21196
21203
21215
21240
21264
21273
21277
21303
21323
21364
21375
21379
21383
21394
21399
21402
21417
21451
21455
21469
21482
21513
21518
21523
21548
21551
21560
21565
21572
21575
21582
21586
21591
21595
21599
21608
21611
21614
21626
21640
21653
21660
21663
21675
21691
21694
21704
21723
21732
21735
21738
21748
21752
21758
21780
21782
21807
21827
21829
21830
21851
21856
21899
21903
21908
21912
21914
21926
21927
21939
21947
21975
21983
21988
21998
22003
22008
22011
22024
22059
22067
22077
22105
22114
22121
22125
22129
22139
22142
22146
22153
22157
22180
22198
22206
22211
22212
22216
22226
22228
22231
22245
22251
22278
22287
22291
22299
22301
22316
22318
22319
22328
22355
22367
22370
22377
22401
22409
22415
22426
22432
22436
22440
22441
22452
22463
22489
22495
22497
22500
22503
22527
22546
22548
22549
22551
22554
22559
22589
22595
22604
22630
22648
22649
22679
22684
22701
22711
22717
22722
22725
22727
22751
22752
22753
22754
22768
22770
22780
22788
22794
22802
22804
22818
22824
22836
22846
22874
22881
22882
22884
22920
22922
22923
22950
22963
22973
22977
22987
22988
22991
22993
23000
23002
23010
23016
23031
23035
23039
23045
23058
23059
23060
23063
23073
23089
23104
23109
23141
23144
23146
23155
23167
23171
23184
23188
23208
23214
23259
23260
23273
23278
23295
23297
23301
23310
23312
23316
23317
23334
23348
23350
23365
23386
23415
23423
23430
23437
23449
23450
23477
23481
23499
23509
23537
23538
23539
23542
23561
23576
23590
23595
23599
23600
23602
23604
23605
23607
23608
23623
23628
23639
23642
23653
23676
23735
23736
23751
23776
23784
23786
23792
23818
23827
23833
23841
23853
23858
23869
23871
23884
23890
23907
23933
23938
23941
23967
23974
23979
23983
23987
23997
23998
24000
24014
24038
24065
24076
24085
24097
24106
24111
24124
24128
24129
24130
24142
24152
24154
24155
24157
24197
24199
24201
24206
24211
24223
24238
24246
24248
24262
24265
24278
24293
24297
24309
24335
24348
24360
24368
24379
24384
24409
24413
24419
24422
24431
24447
24452
24467
24469
24470
24480
24503
24514
24516
24527
24553
24566
24575
24586
24589
24590
24592
24616
24618
24644
24646
24662
24676
24679
24697
24708
24740
24767
24780
24782
24795
24799
24808
24812
24824
24826
24843
24847
24849
24861
24865
24866
24869
24881
24883
24887
24891
24893
24914
24923
24982
24993
24994
25005
25011
25023
25026
25044
25049
25057
25060
25069
25071
25076
25078
25085
25094
25106
25115
25139
25150
25153
25171
25174
25178
25184
25198
25199
25201
25214
25275
25276
25280
25285
25308
25316
25336
25343
25346
25358
25367
25374
25378
25386
25389
25395
25403
25419
25428
25432
25445
25472
25473
25485
25489
25495
25502
25513
25518
25520
25544
25550
25587
25593
25603
25625
25664
25685
25756
25780
25792
25820
25834
25849
25853
25856
25860
25861
25864
25889
25890
25911
25912
25923
25939
25945
25950
25956
25961
25971
25977
25978
25986
25992
26009
26020
26036
26039
26040
26043
26056
26057
26089
26110
26140
26145
26150
26163
26165
26166
26175
26181
26183
26186
26191
26199
26216
26219
26225
26232
26234
26237
26257
26260
26271
26272
26281
26283
26284
26286
26296
26305
26313
26322
26326
26340
26344
26346
26351
26368
26374
26384
26390
26403
26422
26443
26447
26451
26464
26466
26477
26482
26486
26510
26521
26533
26541
26564
26575
26576
26582
26617
26624
26629
26634
26654
26656
26665
26686
26691
26697
26698
26705
26724
26726
26742
26753
26776
26782
26792
26794
26803
26834
26855
26857
26886
26918
26927
26943
26949
26952
26961
26966
26970
26980
26988
27009
27010
27020
27030
27049
27057
27062
27063
27079
27080
27086
27093
27096
27125
27148
27150
27164
27193
27215
27224
27243
27255
27256
27270
27271
27291
27298
27304
27306
27310
27319
27330
27334
27349
27377
27388
27392
27395
27404
27416
27430
27436
27441
27449
27451
27456
27471
27479
27488
27489
27498
27499
27504
27517
27520
27541
27548
27561
27616
27622
27626
27630
27635
27652
27654
27661
27662
27664
27683
27702
27714
27733
27785
27790
27800
27803
27806
27812
27817
27824
27828
27836
27842
27843
27864
27881
27892
27905
27918
27919
27923
27942
27951
27959
27967
27968
27972
27990
28002
28003
28008
28018
28019
28020
28033
28046
28048
28052
28054
28072
28077
28084
28092
28109
28120
28124
28135
28154
28167
28171
28179
28184
28216
28217
28218
28226
28227
28236
28247
28248
28249
28257
28269
28289
28301
28305
28327
28333
28342
28354
28362
28390
28395
28398
28401
28403
28413
28417
28419
28428
28446
28458
28460
28464
28474
28480
28488
28506
28515
28517
28521
28553
28565
28578
28582
28583
28585
28588
28596
28607
28608
28634
28637
28640
28650
28652
28661
28663
28671
28673
28683
28693
28695
28705
28707
28708
28713
28738
28750
28756
28757
28765
28775
28781
28789
28790
28793
28803
28804
28807
28809
28819
28827
28829
28831
28842
28890
28909
28917
28944
28945
28992
29022
29030
29038
29047
29071
29078
29079
29104
29115
29135
29152
29153
29164
29170
29177
29194
29209
29214
29222
29232
29253
29261
29273
29276
29279
29280
29281
29316
29325
29326
29335
29337
29358
29376
29377
29384
29388
29396
29403
29417
29428
29432
29445
29447
29449
29450
29451
29460
29462
29473
29476
29482
29487
29489
29500
29512
29517
29521
29534
29538
29557
29615
29621
29628
29637
29657
29660
29667
29686
29691
29705
29708
29717
29729
29735
29744
29745
29748
29755
29772
29783
29799
29801
29818
29824
29827
29852
29863
29873
29877
29894
29901
29909
29923
29962
29964
29978
29980
29991
29999
30013
30025
30035
30037
30064
30073
30076
30087
30089
30097
30098
30107
30108
30120
30127
30136
30150
30157
30198
30208
30211
30221
30230
30247
30267
30269
30278
30279
30283
30290
30313
30336
30348
30358
30362
30363
30379
30386
30391
30409
30411
30417
30436
30439
30447
30452
30453
30456
30458
30472
30485
30498
30527
30543
30550
30552
30555
30567
30576
30579
30586
30591
30592
30604
30639
30641
30642
30669
30682
30695
30706
30711
30718
30719
30720
30758
30778
30780
30783
30789
30793
30811
30816
30833
30847
30848
30856
30873
30875
30876
30883
30901
30902
30906
30915
30917
30951
30959
30980
31010
31016
31018
31023
31034
31048
31063
31078
31103
31107
31119
31120
31135
31140
31179
31181
31191
31198
31202
31207
31208
31218
31226
31242
31264
31273
31274
31301
31306
31308
31321
31327
31329
31400
31409
31413
31421
31427
31430
31441
31461
31477
31501
31502
31517
31544
31546
31547
31551
31563
31568
31570
31584
31596
31612
31651
31668
31675
31677
31684
31691
31695
31697
31698
31700
31734
31736
31741
31742
31751
31756
31784
31790
31803
31805
31808
31810
31815
31826
31832
31833
31839
31847
31854
31855
31863
31874
31887
31904
31915
31940
31953
31960
31962
31973
31975
31981
31989
31997
32001
32002
32005
32011
32013
32018
32023
32031
32034
32043
32094
32107
32111
32116
32123
32129
32134
32145
32169
32174
32177
32187
32190
32196
32200
32205
32206
32223
32242
32254
32261
32304
32316
32317
32321
32324
32325
32333
32348
32355
32359
32371
32377
32379
32381
32382
32411
32415
32428
32440
32449
32451
32473
32476
32480
32496
32504
32513
32532
32534
32550
32552
32583
32584
32589
32617
32618
32639
32647
32648
32649
32651
32652
32653
32664
32682
32689
32694
32748
32764
32768
32769
32772
32776
32778
32779
32782
32784
32785
32787
32794
32798
32804
32834
32842
32854
32863
32871
32873
32874
32878
32887
32900
32906
32910
32929
32936
32937
32938
32948
32949
32966
32969
32986
32993
32994
33034
33039
33040
33043
33047
33059
33069
33084
33098
33100
33127
33139
33162
33169
33174
33180
33202
33203
33227
33229
33240
33253
33256
33273
33274
33278
33285
33291
33297
33305
33306
33319
33320
33327
33360
33367
33370
33374
33378
33379
33382
33384
33386
33413
33427
33428
33430
33441
33452
33463
33484
33488
33499
33501
33515
33519
33529
33530
33542
33562
33579
33592
33604
33613
33638
33640
33644
33646
33648
33662
33681
33692
33717
33738
33739
33743
33753
33762
33769
33788
33798
33818
33828
33830
33834
33836
33856
33877
33886
33891
33898
33935
33942
33961
33963
33966
33976
33989
33998
34004
34006
34028
34031
34032
34039
34048
34050
34054
34094
34096
34099
34117
34118
34121
34127
34132
34136
34149
34150
34151
34160
34163
34165
34168
34173
34175
34179
34188
34202
34207
34217
34247
34248
34250
34261
34271
34272
34279
34285
34298
34300
34303
34309
34319
34329
34342
34346
34363
34364
34372
34384
34403
34413
34414
34415
34423
34425
34443
34448
34465
34484
34488
34497
34505
34506
34528
34545
34561
34567
34572
34599
34610
34615
34631
34632
34633
34635
34676
34685
34686
34695
34739
34753
34777
34801
34802
34809
34810
34821
34829
34835
34840
34842
34861
34875
34886
34894
34895
34898
34904
34905
34912
34913
34920
34926
34947
34958
34959
34967
34968
34975
34980
34993
34994
35034
35042
35043
35050
35052
35059
35087
35095
35101
35111
35112
35147
35156
35160
35161
35171
35192
35194
35198
35202
35221
35231
35233
35242
35248
35249
35264
35303
35320
35334
35366
35374
35377
35378
35384
35392
35404
35413
35416
35436
35443
35445
35448
35455
35459
35460
35462
35485
35486
35491
35493
35496
35515
35530
35532
35544
35547
35565
35570
35571
35572
35580
35581
35582
35592
35601
35603
35662
35681
35687
35693
35701
35703
35721
35739
35746
35781
35786
35802
35809
35811
35828
35839
35848
35849
35863
35876
35890
35901
35902
35923
35933
35941
35950
35960
35962
35971
35975
35979
35991
35992
36000
36023
36035
36041
36042
36050
36052
36069
36071
36073
36081
36088
36098
36100
36122
36127
36128
36129
36132
36133
36143
36145
36149
36159
36170
36190
36191
36203
36211
36217
36221
36232
36235
36238
36242
36259
36265
36270
36273
36285
36302
36303
36325
36326
36341
36361
36376
36388
36408
36432
36437
36445
36461
36463
36467
36471
36484
36495
36513
36518
36536
36552
36557
36595
36597
36624
36625
36633
36637
36641
36648
36652
36670
36683
36685
36691
36699
36712
36725
36740
36745
36749
36753
36761
36769
36770
36776
36787
36797
36798
36802
36808
36811
36828
36831
36836
36858
36889
36892
37018
37041
37045
37050
37061
37074
37083
37084
37086
37087
37105
37133
37139
37153
37168
37192
37205
37215
37219
37222
37225
37232
37239
37249
37263
37265
37268
37281
37296
37298
37300
37318
37328
37329
37330
37338
37353
37356
37360
37368
37376
37380
37385
37399
37414
37416
37418
37437
37440
37444
37450
37457
37463
37474
37476
37479
37480
37502
37503
37510
37512
37513
37523
37526
37535
37562
37564
37587
37594
37601
37612
37618
37622
37631
37636
37641
37651
37652
37659
37663
37667
37668
37670
37677
37680
37685
37690
37693
37705
37719
37726
37730
37731
37732
37736
37744
37749
37768
37779
37781
37785
37787
37790
37803
37854
37857
37866
37890
37894
37899
37920
37938
37943
37958
37970
37983
37992
37999
38000
38005
38009
38013
38022
38032
38040
38043
38051
38060
38081
38082
38083
38100
38107
38122
38129
38143
38147
38165
38169
38228
38230
38241
38245
38256
38262
38271
38296
38298
38314
38327
38334
38335
38352
38353
38358
38364
38365
38371
38386
38391
38398
38412
38418
38433
38434
38437
38454
38458
38461
38483
38512
38515
38541
38544
38563
38576
38579
38586
38589
38591
38592
38637
38650
38652
38667
38677
38690
38691
38695
38700
38704
38718
38723
38727
38738
38764
38766
38774
38777
38783
38793
38797
38800
38805
38825
38831
38849
38852
38870
38871
38877
38891
38892
38913
38919
38922
38949
38972
38982
38989
38990
38998
39002
39003
39025
39028
39037
39041
39044
39051
39071
39072
39131
39138
39151
39176
39177
39188
39202
39207
39220
39241
39247
39270
39313
39316
39318
39339
39358
39363
39369
39373
39379
39389
39395
39417
39419
39449
39451
39458
39465
39472
39483
39487
39488
39500
39507
39516
39599
39617
39628
39637
39643
39651
39654
39660
39663
39664
39665
39689
39702
39719
39743
39747
39774
39776
39785
39786
39789
39792
39803
39805
39816
39826
39831
39832
39836
39849
39851
39852
39855
39856
39859
39884
39907
39938
39943
39963
39979
39994
40004
40008
40046
40055
40061
40070
40071
40090
40095
40100
40105
40117
40135
40150
40161
40163
40173
40183
40187
40196
40206
40222
40224
40227
40228
40242
40244
40254
40261
40280
40307
40308
40327
40366
40370
40379
40384
40391
40403
40416
40423
40424
40452
40457
40470
40473
40485
40510
40511
40516
40517
40524
40540
40541
40544
40547
40569
40579
40587
40589
40602
40609
40612
40613
40614
40622
40632
40635
40637
40643
40650
40653
40654
40661
40696
40697
40699
40708
40709
40726
40739
40741
40750
40775
40785
40810
40811
40814
40842
40849
40863
40865
40889
40894
40901
40902
40905
40915
40917
40919
40920
40938
40939
40958
40970
40974
40982
40988
40992
40995
40999
41000
41017
41021
41025
41027
41028
41035
41039
41042
41045
41054
41082
41090
41100
41108
41117
41121
41123
41126
41138
41145
41174
41178
41183
41198
41215
41236
41239
41242
41254
41261
41266
41269
41275
41286
41297
41298
41308
41317
41319
41320
41326
41351
41365
41371
41373
41381
41388
41393
41399
41422
41423
41428
41447
41456
41460
41465
41468
41469
41471
41476
41479
41501
41505
41510
41511
41524
41534
41553
41583
41586
41595
41614
41618
41623
41637
41653
41657
41663
41680
41687
41724
41729
41731
41732
41737
41750
41752
41771
41777
41800
41807
41808
41830
41849
41856
41865
41871
41879
41882
41887
41899
41902
41905
41913
41919
41947
41953
41958
41970
41987
41995
42000
42004
42009
42010
42030
42034
42047
42052
42053
42055
42068
42082
42087
42089
42092
42112
42122
42123
42135
42138
42144
42154
42162
42166
42171
42176
42180
42192
42209
42226
42240
42246
42260
42261
42269
42270
42273
42283
42287
42306
42320
42331
42341
42342
42344
42347
42348
42352
42359
42375
42386
42394
42407
42412
42414
42418
42420
42429
42436
42445
42463
42482
42487
42491
42501
42505
42506
42507
42530
42540
42541
42547
42568
42578
42585
42589
42594
42619
42634
42661
42663
42666
42667
42668
42673
42680
42690
42694
42705
42718
42726
42735
42757
42772
42776
42791
42798
42812
42823
42835
42839
42848
42889
42893
42897
42906
42908
42919
42921
42925
42930
42934
42935
42959
43011
43013
43024
43041
43045
43064
43082
43086
43087
43106
43108
43137
43140
43141
43145
43152
43163
43177
43190
43192
43216
43234
43242
43289
43294
43318
43326
43356
43369
43373
43375
43391
43393
43401
43405
43419
43425
43447
43475
43477
43483
43508
43519
43526
43552
43555
43560
43562
43579
43590
43598
43601
43604
43614
43618
43624
43636
43639
43641
43644
43653
43660
43670
43715
43730
43733
43735
43736
43737
43741
43747
43779
43783
43814
43820
43821
43839
43841
43847
43864
43869
43872
43873
43878
43887
43892
43894
43914
43915
43922
43924
43926
43949
43952
43963
43978
44024
44027
44059
44061
44071
44074
44076
44082
44088
44119
44138
44152
44158
44162
44163
44171
44172
44184
44191
44197
44228
44247
44261
44273
44296
44300
44306
44317
44324
44328
44333
44340
44348
44352
44357
44359
44376
44384
44389
44392
44396
44404
44407
44409
44412
44425
44432
44436
44449
44454
44462
44487
44507
44536
44545
44553
44557
44564
44589
44593
44596
44598
44625
44631
44658
44661
44669
44694
44714
44715
44723
44731
44732
44742
44751
44794
44822
44824
44827
44841
44854
44872
44882
44889
44913
44918
44922
44928
44970
44987
44992
45007
45009
45017
45023
45041
45046
45050
45060
45061
45062
45071
45084
45103
45125
45130
45136
45139
45160
45167
45170
45177
45196
45199
45214
45220
45228
45229
45234
45238
45268
45269
45284
45296
45314
45318
45326
45342
45348
45356
45377
45392
45404
45435
45444
45480
45495
45502
45505
45517
45547
45559
45571
45586
45593
45641
45645
45646
45662
45664
45683
45733
45748
45759
45800
45812
45815
45836
45867
45894
45898
45908
45914
45946
45951
45957
45977
45999
46011
46016
46024
46027
46028
46054
46075
46098
46102
46110
46115
46120
46134
46136
46143
46145
46147
46159
46170
46175
46193
46200
46207
46220
46222
46225
46227
46230
46236
46258
46260
46270
46276
46277
46282
46289
46347
46380
46381
46403
46406
46411
46426
46439
46446
46449
46457
46462
46466
46468
46495
46498
46508
46511
46521
46532
46534
46535
46561
46566
46571
46577
46581
46583
46601
46604
46612
46613
46645
46661
46663
46686
46717
46734
46739
46744
46765
46772
46774
46784
46804
46817
46820
46821
46823
46845
46861
46900
46908
46909
46911
46917
46925
46949
46962
46978
46982
46986
46989
46995
46997
47015
47018
47052
47054
47071
47076
47082
47084
47090
47094
47101
47108
47122
47136
47141
47142
47146
47148
47155
47183
47184
47188
47210
47217
47228
47229
47233
47239
47245
47257
47262
47266
47267
47270
47272
47273
47280
47286
47288
47311
47318
47370
47380
47386
47441
47488
47502
47504
47539
47546
47552
47553
47554
47560
47561
47565
47575
47585
47590
47603
47611
47614
47618
47620
47621
47634
47646
47668
47677
47686
47706
47707
47715
47719
47722
47736
47739
47741
47773
47799
47803
47804
47807
47839
47842
47844
47845
47860
47862
47873
47878
47891
47903
47913
47924
47941
47949
47954
47982
47988
48009
48019
48029
48038
48041
48050
48053
48086
48087
48104
48114
48118
48127
48131
48136
48138
48142
48162
48167
48174
48177
48181
48183
48189
48190
48197
48199
48205
48252
48258
48261
48291
48293
48298
48301
48334
48339
48342
48352
48364
48370
48379
48388
48393
48396
48403
48410
48418
48426
48453
48470
48481
48500
48503
48506
48515
48535
48551
48557
48565
48579
48613
48623
48624
48676
48679
48680
48691
48707
48710
48718
48737
48738
48740
48745
48747
48755
48758
48770
48771
48772
48776
48790
48818
48821
48826
48838
48840
48866
48868
48869
48871
48899
48900
48904
48905
48911
48922
48926
48931
48949
48957
48960
48970
48974
48987
48988
48996
48997
49001
49008
49012
49015
49016
49017
49025
49030
49038
49049
49056
49087
49102
49115
49125
49128
49136
49153
49157
49170
49172
49210
49228
49230
49242
49246
49257
49263
49277
49288
49294
49303
49315
49316
49319
49329
49360
49365
49366
49367
49376
49391
49408
49409
49418
49428
49434
49441
49458
49465
49466
49468
49483
49498
49502
49514
49522
49539
49545
49548
49549
49576
49584
49586
49591
49593
49594
49628
49629
49652
49661
49668
49695
49715
49720
49725
49735
49736
49747
49749
49752
49763
49764
49783
49790
49805
49807
49809
49831
49840
49843
49844
49873
49875
49878
49900
49903
49915
49918
49922
49928
49932
49942
49955
49958
49971
49980
49983
49988
49989
49998
50003
50009
50020
50042
50047
50048
50072
50089
50097
50098
50101
50123
50127
50138
50140
50145
50186
50188
50191
50207
50217
50228
50230
50232
50240
50253
50261
50275
50291
50302
50306
50312
50326
50337
50338
50342
50356
50357
50367
50392
50400
50412
50429
50441
50445
50456
50464
50477
50490
50492
50507
50510
50516
50519
50550
50582
50598
50600
50615
50616
50628
50641
50649
50668
50678
50689
50694
50713
50718
50730
50735
50760
50762
50765
50766
50785
50789
50794
50802
50809
50820
50833
50894
50911
50914
50917
50921
50970
50981
50985
50986
51003
51004
51012
51022
51027
51032
51041
51063
51071
51082
51088
51090
51098
51101
51116
51133
51137
51146
51155
51179
51181
51188
51191
51194
51204
51219
51226
51228
51230
51233
51253
51256
51258
51265
51270
51298
51324
51349
51359
51374
51377
51385
51395
51405
51410
51413
51428
51433
51465
51478
51479
51480
51483
51502
51504
51507
51538
51542
51543
51545
51552
51564
51571
51583
51585
51606
51608
51612
51623
51625
51638
51646
51675
51695
51710
51718
51726
51728
51735
51736
51741
51760
51769
51778
51780
51785
51789
51816
51818
51850
51854
51888
51891
51892
51930
51932
51945
51952
51980
51981
51994
51995
52000
52015
52035
52053
52074
52087
52091
52110
52131
52134
52139
52166
52167
52168
52171
52189
52196
52202
52223
52233
52234
52272
52282
52285
52304
52305
52307
52308
52313
52319
52366
52370
52372
52376
52386
52400
52401
52414
52423
52440
52442
52445
52446
52447
52454
52465
52478
52482
52485
52497
52502
52519
52549
52563
52593
52601
52605
52624
52625
52630
52638
52641
52666
52667
52670
52674
52681
52688
52692
52698
52710
52716
52717
52718
52747
52772
52794
52798
52799
52814
52817
52824
52832
52834
52835
52856
52873
52880
52903
52914
52936
52937
52949
52954
52958
52959
52974
52976
52977
52982
53003
53025
53037
53041
53044
53048
53054
53069
53074
53115
53126
53133
53134
53160
53171
53180
53185
53214
53227
53229
53237
53260
53275
53281
53290
53319
53322
53337
53343
53348
53354
53383
53392
53396
53413
53420
53436
53456
53462
53466
53479
53493
53496
53553
53556
53569
53570
53579
53588
53590
53592
53598
53624
53626
53638
53639
53645
53655
53659
53684
53689
53705
53707
53726
53737
53739
53741
53746
53755
53763
53764
53767
53784
53786
53798
53817
53831
53832
53858
53863
53871
53881
53895
53897
53904
53921
53934
53936
53950
53955
53969
53992
53995
54004
54023
54040
54043
54044
54045
54060
54063
54080
54084
54092
54099
54107
54109
54122
54135
54152
54160
54167
54177
54189
54197
54199
54234
54254
54262
54264
54272
54295
54300
54301
54310
54320
54328
54331
54340
54343
54346
54356
54358
54360
54364
54374
54382
54385
54389
54402
54433
54458
54461
54464
54470
54473
54489
54500
54515
54534
54536
54577
54580
54588
54593
54594
54600
54605
54609
54614
54622
54656
54693
54697
54703
54738
54743
54749
54750
54769
54772
54786
54849
54863
54874
54886
54893
54906
54907
54914
54918
54920
54934
54988
55014
55028
55033
55035
55037
55045
55059
55072
55074
55084
55095
55128
55130
55132
55138
55140
55145
55173
55175
55177
55182
55199
55209
55214
55218
55225
55227
55229
55263
55281
55286
55290
55299
55300
55301
55328
55342
55357
55360
55370
55372
55373
55378
55386
55387
55395
55399
55400
55402
55406
55414
55419
55421
55425
55437
55439
55443
55453
55460
55464
55468
55471
55476
55483
55486
55497
55508
55509
55538
55541
55545
55559
55563
55581
55592
55594
55599
55600
55621
55626
55628
55635
55639
55651
55656
55658
55691
55696
55713
55723
55726
55740
55763
55787
55798
55819
55825
55849
55856
55881
55892
55893
55903
55908
55939
55941
55946
55957
55976
55979
55985
55992
56008
56010
56026
56027
56041
56059
56079
56091
56092
56094
56109
56114
56148
56158
56165
56166
56175
56178
56195
56200
56241
56257
56264
56281
56285
56294
56306
56308
56316
56324
56331
56345
56348
56361
56362
56373
56375
56382
56385
56400
56410
56426
56446
56458
56468
56478
56483
56484
56487
56488
56492
56496
56500
56501
56503
56515
56519
56533
56536
56537
56541
56544
56561
56568
56578
56598
56601
56604
56633
56636
56637
56641
56646
56653
56683
56688
56695
56702
56707
56740
56748
56751
56761
56762
56783
56813
56814
56818
56824
56829
56832
56838
56848
56853
56861
56867
56892
56893
56904
56927
56945
56961
56963
56982
57005
57017
57018
57037
57042
57075
57083
57115
57129
57141
57153
57163
57164
57171
57176
57184
57185
57193
57210
57258
57295
57310
57320
57342
57357
57378
57382
57394
57416
57423
57425
57441
57442
57473
57475
57483
57491
57492
57500
57506
57516
57520
57529
57539
57569
57606
57609
57618
57632
57643
57648
57658
57664
57666
57683
57699
57706
57709
57714
57716
57717
57721
57729
57767
57785
57797
57812
57821
57827
57844
57845
57876
57901
57907
57954
57986
57987
58001
58004
58017
58036
58042
58053
58161
58166
58175
58199
58204
58209
58219
58224
58236
58251
58262
58263
58267
58277
58301
58315
58322
58333
58335
58343
58381
58389
58442
58447
58459
58472
58473
58484
58487
58489
58492
58505
58507
58510
58528
58535
58536
58540
58544
58558
58574
58585
58603
58611
58615
58626
58631
58635
58637
58657
58660
58661
58664
58668
58671
58682
58688
58692
58703
58704
58764
58766
58779
58788
58838
58853
58859
58870
58899
58901
58903
58910
58911
58920
58922
58925
58931
58932
58942
58944
58949
58951
58961
58964
59005
59007
59011
59016
59028
59046
59047
59057
59079
59090
59097
59099
59104
59113
59124
59133
59149
59159
59176
59177
59190
59204
59225
59241
59242
59249
59260
59282
59293
59298
59302
59341
59348
59349
59354
59356
59357
59375
59376
59404
59405
59406
59417
59423
59459
59464
59486
59494
59496
59507
59515
59521
59531
59536
59564
59569
59600
59605
59630
59649
59653
59673
59719
59723
59729
59736
59743
59755
59760
59766
59773
59774
59775
59785
59787
59793
59794
59799
59801
59806
59812
59825
59834
59837
59848
59851
59864
59884
59886
59901
59938
59941
59966
59968
59983
59985
59988
59991
59994
60003
60007
60035
60050
60059
60078
60099
60100
60120
60124
60135
60139
60140
60141
60148
60166
60178
60181
60188
60219
60225
60240
60243
60250
60261
60267
60269
60289
60309
60315
60328
60331
60334
60343
60344
60345
60349
60353
60371
60373
60383
60397
60407
60408
60424
60429
60437
60444
60471
60477
60478
60489
60494
60502
60506
60518
60551
60553
60560
60562
60576
60578
60586
60588
60602
60612
60619
60625
60645
60647
60680
60694
60701
60711
60723
60731
60732
60750
60757
60787
60793
60798
60803
60805
60806
60813
60817
60824
60836
60845
60849
60863
60886
60906
60949
60950
60960
60973
60976
60982
60997
61001
61012
61014
61023
61030
61033
61043
61060
61065
61086
61091
61106
61124
61125
61144
61166
61169
61172
61173
61179
61181
61189
61197
61209
61222
61224
61251
61258
61283
61292
61306
61309
61312
61314
61316
61319
61333
61355
61359
61368
61379
61385
61399
61402
61403
61406
61410
61417
61418
61428
61442
61473
61475
61485
61490
61499
61510
61513
61528
61535
61536
61541
61544
61579
61584
61588
61602
61604
61613
61623
61644
61658
61691
61698
61699
61707
61731
61742
61745
61752
61781
61782
61786
61801
61806
61819
61826
61829
61832
61845
61862
61869
61870
61879
61884
61890
61891
61898
61902
61912
61919
61936
61942
61955
61996
62003
62028
62030
62055
62070
62076
62079
62086
62087
62109
62117
62120
62125
62128
62130
62148
62171
62192
62195
62232
62242
62244
62245
62275
62276
62301
62313
62377
62397
62427
62442
62451
62501
62503
62512
62514
62515
62535
62559
62565
62595
62600
62609
62620
62621
62635
62638
62647
62658
62659
62660
62671
62673
62713
62724
62725
62737
62783
62785
62803
62805
62811
62821
62826
62847
62868
62869
62882
62886
62897
62918
62919
62940
62972
62976
63026
63027
63045
63047
63054
63057
63064
63066
63070
63083
63084
63101
63145
63148
63154
63175
63182
63183
63184
63189
63191
63194
63200
63204
63230
63234
63267
63303
63307
63322
63342
63351
63354
63362
63375
63384
63405
63408
63442
63443
63462
63468
63477
63487
63501
63521
63536
63537
63550
63580
63583
63587
63613
63631
63632
63640
63641
63656
63670
63677
63680
63691
63693
63701
63720
63727
63740
63779
63794
63797
63808
63814
63815
63824
63830
63844
63849
63857
63866
63890
63891
63898
63905
63908
63924
63927
63932
63933
63940
63968
63972
64003
64013
64015
64018
64042
64057
64066
64071
64075
64076
64087
64097
64112
64121
64124
64140
64159
64164
64167
64180
64184
64196
64211
64224
64247
64252
64271
64310
64314
64319
64324
64327
64353
64356
64363
64372
64384
64386
64402
64407
64410
64416
64419
64427
64440
64446
64449
64459
64471
64517
64523
64538
64548
64552
64553
64567
64577
64586
64590
64597
64600
64610
64665
64692
64718
64725
64726
64734
64743
64802
64831
64842
64850
64873
64889
64899
64907
64910
64927
64953
64955
64959
64964
64970
64971
64982
65020
65058
65074
65085
65086
65089
65098
65114
65121
65180
65185
65191
65208
65209
65218
65264
65296
65300
65305
65307
65308
65311
65318
65323
65326
65333
65344
65345
65366
65378
65400
65409
65415
65429
65438
65441
65444
65447
65450
65493
65495
65523
65539
65566
65570
65572
65576
65587
65600
65606
65613
65627
65641
65643
65661
65664
65666
65695
65726
65741
65748
65763
65779
65786
65795
65815
65831
65848
65863
65866
65878
65880
65882
65906
65918
65926
65931
65956
65958
66005
66019
66034
66038
66052
66063
66074
66083
66089
66091
66096
66100
66103
66126
66138
66154
66159
66165
66166
66179
66181
66207
66209
66227
66231
66233
66249
66255
66258
66270
66278
66314
66320
66324
66333
66336
66359
66397
66418
66426
66437
66455
66458
66462
66472
66487
66504
66506
66519
66520
66527
66532
66546
66550
66560
66574
66580
66588
66598
66603
66605
66607
66610
66613
66623
66625
66663
66672
66684
66690
66691
66699
66705
66710
66720
66732
66735
66737
66738
66742
66787
66795
66798
66803
66813
66821
66868
66876
66882
66895
66912
66923
66924
66940
66955
66969
66970
66973
66975
66984
67000
67006
67009
67013
67015
67017
67018
67052
67102
67126
67127
67150
67152
67168
67175
67183
67184
67226
67236
67247
67250
67260
67265
67266
67271
67298
67308
67309
67315
67320
67328
67336
67337
67343
67367
67381
67414
67461
67462
67463
67476
67477
67509
67559
67598
67612
67661
67669
67682
67697
67730
67739
67747
67750
67771
67775
67780
67792
67798
67813
67822
67824
67830
67831
67834
67852
67853
67855
67864
67883
67897
67898
67904
67910
67919
67927
67930
67932
67934
67935
67938
67965
67982
68026
68030
68034
68043
68047
68051
68063
68068
68077
68086
68106
68117
68151
68155
68181
68182
68185
68187
68209
68210
68214
68215
68226
68227
68235
68268
68270
68283
68289
68318
68332
68343
68357
68358
68367
68383
68388
68390
68394
68404
68421
68422
68435
68444
68453
68457
68460
68481
68492
68508
68514
68518
68534
68545
68547
68549
68555
68556
68557
68565
68576
68588
68605
68609
68626
68633
68645
68648
68658
68660
68663
68668
68677
68685
68705
68707
68715
68720
68728
68730
68745
68753
68764
68773
68775
68790
68798
68808
68809
68819
68837
68839
68843
68846
68856
68861
68864
68871
68896
68909
68916
68918
68927
68929
68930
68951
68952
68960
68982
68988
68989
68997
68998
69004
69020
69025
69034
69044
69048
69050
69054
69090
69092
69102
69115
69144
69145
69163
69164
69177
69186
69224
69226
69230
69236
69246
69272
69296
69306
69308
69313
69320
69327
69328
69331
69352
69362
69380
69385
69392
69397
69418
69427
69428
69440
69441
69471
69474
69489
69492
69499
69507
69509
69538
69558
69578
69605
69618
69622
69635
69646
69653
69658
69668
69673
69690
69705
69709
69719
69730
69731
69742
69745
69753
69757
69764
69777
69779
69798
69806
69817
69820
69825
69856
69866
69869
69882
69884
69897
69904
69922
69926
69930
69962
69972
69989
69992
70009
70053
70054
70065
70086
70090
70094
70100
70111
70139
70143
70146
70157
70165
70168
70179
70207
70216
70223
70239
70256
70261
70278
70282
70290
70300
70325
70349
70350
70351
70369
70380
70412
70416
70421
70428
70439
70451
70456
70461
70463
70466
70467
70469
70470
70474
70476
70486
70497
70516
70534
70549
70561
70563
70581
70588
70589
70608
70614
70633
70636
70639
70642
70650
70652
70657
70671
70676
70681
70694
70700
70703
70720
70730
70743
70744
70745
70780
70790
70793
70824
70829
70831
70841
70843
70855
70863
70868
70871
70884
70886
70904
70918
70919
70925
70927
70930
70933
70949
70968
70974
70975
70989
70998
71002
71008
71030
71041
71049
71082
71098
71101
71104
71113
71124
71130
71138
71141
71145
71153
71156
71170
71186
71187
71203
71209
71218
71219
71220
71222
71234
71246
71254
71255
71258
71259
71264
71270
71273
71282
71302
71315
71322
71333
71347
71353
71377
71379
71380
71387
71395
71421
71422
71426
71432
71444
71447
71457
71463
71478
71508
71513
71515
71528
71536
71551
71555
71557
71569
71570
71573
71584
71595
71599
71605
71613
71616
71652
71676
71682
71696
71700
71703
71714
71722
71723
71728
71730
71747
71752
71755
71756
71759
71763
71764
71774
71788
71800
71805
71813
71830
71832
71847
71850
71859
71862
71874
71876
71879
71885
71891
71903
71904
71908
71914
71932
71951
71955
71965
71968
71988
72027
72033
72064
72071
72096
72118
72122
72127
72138
72139
72156
72158
72171
72177
72197
72202
72209
72215
72221
72235
72252
72256
72270
72272
72274
72283
72308
72309
72315
72317
72319
72322
72332
72333
72341
72342
72350
72352
72385
72387
72418
72428
72432
72444
72445
72465
72466
72495
72498
72503
72514
72516
72520
72522
72530
72531
72536
72543
72546
72585
72590
72603
72606
72607
72616
72618
72620
72628
72644
72645
72656
72669
72679
72682
72695
72706
72728
72729
72741
72752
72757
72761
72763
72764
72776
72785
72789
72792
72810
72813
72838
72844
72855
72885
72890
72891
72892
72895
72904
72909
72913
72916
72964
72972
72992
73009
73021
73034
73042
73047
73052
73061
73062
73074
73081
73090
73091
73094
73112
73118
73123
73129
73130
73133
73150
73160
73167
73169
73179
73206
73219
73270
73277
73299
73303
73315
73317
73321
73334
73371
73376
73377
73400
73409
73430
73448
73449
73451
73458
73463
73471
73473
73481
73483
73488
73526
73531
73533
73558
73570
73578
73592
73598
73600
73602
73626
73634
73643
73652
73669
73674
73680
73683
73685
73691
73697
73700
73707
73708
73728
73746
73755
73759
73770
73774
73787
73804
73806
73808
73822
73827
73862
73865
73876
73889
73915
73927
73935
73937
73941
73952
73954
73967
73970
73983
73989
73999
74000
74003
74019
74039
74042
74049
74051
74058
74072
74082
74112
74115
74123
74124
74140
74145
74156
74158
74180
74184
74187
74202
74208
74211
74212
74225
74232
74245
74252
74270
74282
74290
74298
74300
74313
74322
74326
74329
74339
74359
74369
74392
74404
74415
74432
74434
74441
74445
74469
74478
74483
74486
74493
74498
74508
74510
74526
74545
74554
74556
74585
74614
74615
74646
74660
74665
74666
74671
74674
74675
74679
74693
74696
74703
74720
74732
74769
74774
74786
74796
74798
74812
74833
74851
74863
74871
74874
74883
74893
74903
74909
74910
74928
74941
74949
74954
74958
74969
74977
74981
74986
74996
75009
75011
75014
75025
75033
75051
75060
75061
75063
75090
75091
75098
75102
75110
75115
75116
75134
75139
75146
75147
75152
75173
75178
75192
75193
75200
75203
75215
75228
75231
75234
75238
75241
75244
75250
75252
75254
75256
75264
75282
75293
75297
75326
75381
75397
75410
75421
75428
75441
75474
75477
75487
75494
75504
75509
75526
75531
75533
75554
75558
75559
75588
75594
75600
75605
75651
75667
75678
75684
75686
75695
75703
75707
75724
75731
75756
75766
75768
75804
75806
75819
75838
75854
75889
75893
75894
75908
75909
75923
75927
75933
75934
75953
75956
75957
75966
75970
75976
75977
75979
75988
76032
76047
76072
76073
76085
76089
76100
76102
76108
76109
76116
76122
76123
76126
76134
76135
76141
76146
76186
76196
76212
76219
76221
76222
76223
76231
76250
76253
76257
76268
76276
76280
76290
76301
76304
76313
76317
76323
76325
76351
76352
76354
76375
76377
76398
76414
76416
76427
76429
76431
76434
76441
76443
76457
76472
76517
76528
76545
76548
76550
76558
76561
76586
76602
76607
76641
76644
76648
76660
76665
76671
76677
76688
76703
76706
76710
76727
76729
76732
76751
76767
76773
76801
76815
76832
76844
76859
76883
76887
76908
76921
76930
76947
76974
76979
76985
76991
77008
77013
77024
77038
77045
77048
77050
77051
77053
77063
77066
77067
77069
77072
77099
77102
77108
77109
77124
77129
77133
77134
77139
77145
77156
77182
77190
77220
77231
77246
77254
77258
77262
77264
77265
77272
77275
77283
77285
77301
77309
77313
77334
77341
77343
77356
77375
77384
77404
77406
77418
77419
77436
77439
77447
77458
77459
77465
77486
77494
77500
77506
77511
77517
77527
77541
77546
77550
77551
77559
77561
77583
77595
77598
77601
77604
77611
77620
77621
77645
77676
77692
77710
77714
77715
77718
77732
77750
77761
77763
77765
77798
77811
77847
77850
77857
77860
77884
77898
77912
77918
77927
77928
77973
77986
77994
78029
78031
78032
78040
78042
78067
78073
78104
78105
78115
78128
78163
78169
78179
78193
78195
78206
78221
78225
78230
78235
78239
78261
78267
78268
78287
78292
78299
78300
78301
78330
78346
78360
78362
78364
78374
78378
78392
78425
78435
78457
78469
78476
78477
78494
78511
78521
78523
78524
78534
78561
78562
78567
78576
78577
78580
78599
78605
78609
78613
78631
78633
78636
78645
78648
78649
78652
78663
78664
78683
78698
78703
78712
78717
78718
78731
78745
78752
78753
78754
78759
78781
78784
78804
78843
78856
78860
78863
78864
78875
78892
78903
78933
78958
78983
78990
78992
78996
78999
79015
79019
79026
79032
79054
79056
79065
79072
79085
79092
79093
79098
79103
79105
79140
79144
79145
79172
79178
79184
79187
79195
79214
79220
79231
79233
79276
79277
79293
79300
79305
79309
79311
79321
79326
79332
79353
79359
79364
79370
79377
79378
79381
79387
79396
79400
79401
79419
79423
79434
79438
79469
79477
79486
79487
79493
79498
79499
79504
79523
79528
79538
79554
79559
79564
79567
79574
79575
79578
79607
79614
79623
79634
79635
79640
79648
79649
79660
79666
79670
79675
79716
79734
79749
79752
79754
79764
79774
79775
79779
79795
79807
79813
79814
79815
79851
79852
79857
79871
79891
79903
79915
79919
79925
79934
79947
79961
79973
79979
79991
79992
k
