1
4
14
44
48
63
75
96
98
99
108
119
132
143
144
154
160
162
183
185
190
200
209
212
213
249
255
256
261
306
351
361
367
394
410
441
442
448
456
477
487
491
530
549
556
568
571
577
582
596
598
624
629
632
670
676
678
686
696
732
734
773
791
793
823
826
828
835
841
857
862
866
872
874
885
889
906
908
919
931
933
934
938
955
965
969
977
987
990
1001
1020
1021
1024
1043
1054
1060
1067
1094
1105
1115
1117
1126
1128
1142
1150
1152
1157
1166
1167
1171
1179
1182
1183
1193
1205
1213
1215
1223
1226
1235
1237
1249
1267
1282
1297
1308
1309
1318
1358
1368
1391
1392
1399
1417
1418
1422
1426
1428
1429
1433
1435
1437
1481
1500
1527
1534
1536
1539
1548
1571
1572
1583
1599
1622
1628
1636
1639
1646
1670
1677
1683
1685
1692
1698
1709
1712
1732
1733
1743
1754
1762
1763
1765
1803
1826
1835
1849
1856
1859
1866
1917
1919
1926
1935
1937
1955
1967
1972
1982
1983
1985
1991
1996
2009
2024
2034
2036
2040
2054
2060
2064
2069
2078
2080
2083
2089
2104
2106
2114
2135
2140
2149
2154
2169
2173
2186
2194
2198
2209
2229
2230
2233
2244
2285
2288
2291
2292
2296
2298
2299
2300
2309
2314
2323
2326
2333
2334
2344
2346
2364
2383
2414
2426
2433
2436
2442
2455
2459
2467
2479
2480
2488
2495
2506
2520
2522
2527
2537
2545
2547
2568
2591
2609
2610
2615
2643
2650
2656
2668
2675
2678
2682
2696
2719
2775
2799
2827
2845
2846
2854
2855
2867
2873
2882
2891
2897
2915
2919
2925
2929
2942
2963
2965
2969
2978
2992
2997
2999
3017
3023
3025
3032
3051
3054
3077
3095
3098
3116
3118
3134
3147
3149
3169
3198
3208
3211
3217
3221
3250
3259
3260
3283
3290
3297
3306
3313
3314
3315
3316
3330
3333
3348
3357
3388
3389
3396
3403
3406
3408
3410
3413
3440
3446
3449
3466
3472
3484
3486
3499
3516
3521
3547
3559
3569
3578
3593
3597
3607
3619
3625
3631
3634
3638
3639
3641
3642
3652
3653
3674
3680
3684
3693
3701
3713
3737
3753
3771
3774
3784
3812
3814
3817
3823
3825
3831
3838
3868
3874
3875
3878
3894
3908
3911
3912
3917
3925
3934
3935
3950
3962
3974
3992
3993
4004
4012
4015
4025
4049
4058
4068
4072
4078
4082
4085
4099
4116
4119
4120
4130
4139
4146
4156
4158
4159
4169
4177
4190
4191
4193
4203
4220
4236
4238
4248
4253
4254
4255
4266
4305
4326
4333
4337
4356
4377
4379
4388
4394
4413
4417
4431
4444
4462
4472
4476
4477
4506
4507
4532
4540
4561
4573
4575
4623
4633
4638
4653
4654
4672
4673
4682
4689
4690
4692
4697
4700
4705
4711
4714
4737
4753
4775
4777
4786
4787
4790
4812
4818
4819
4821
4825
4832
4838
4845
4849
4856
4862
4908
4912
4951
4953
4955
4962
4978
4987
5004
5022
5066
5068
5074
5075
5076
5078
5096
5098
5100
5116
5117
5120
5125
5137
5139
5165
5168
5179
5193
5203
5205
5209
5223
5231
5235
5253
5255
5278
5291
5296
5298
5302
5303
5315
5334
5335
5350
5375
5378
5380
5385
5390
5392
5405
5407
5423
5432
5436
5439
5450
5459
5469
5473
5475
5478
5486
5503
5508
5509
5515
5529
5536
5557
5565
5567
5575
5576
5583
5584
5585
5595
5600
5604
5610
5622
5636
5662
5663
5666
5676
5697
5711
5723
5731
5738
5748
5750
5751
5756
5764
5774
5779
5782
5809
5824
5830
5835
5849
5862
5872
5893
5909
5913
5936
5947
5959
5972
5973
5976
5980
5988
5994
5995
6001
6041
6047
6048
6057
6083
6084
6098
6115
6120
6134
6135
6166
6167
6169
6176
6177
6191
6193
6198
6199
6206
6207
6215
6233
6238
6241
6245
6273
6293
6313
6315
6322
6324
6332
6360
6388
6392
6415
6422
6443
6448
6452
6459
6472
6476
6480
6488
6491
6495
6507
6512
6531
6564
6567
6584
6586
6590
6591
6596
6612
6617
6632
6641
6646
6658
6667
6672
6673
6674
6680
6686
6689
6704
6712
6732
6741
6744
6747
6759
6762
6766
6782
6786
6787
6795
6797
6801
6820
6835
6863
6865
6867
6881
6901
6905
6913
6921
6933
6949
6952
6980
6985
6986
7011
7014
7017
7049
7052
7056
7073
7086
7104
7106
7125
7127
7156
7176
7183
7196
7235
7242
7263
7264
7293
7326
7330
7353
7371
7376
7395
7398
7400
7415
7429
7441
7450
7471
7479
7494
7503
7506
7508
7554
7579
7585
7590
7599
7601
7650
7660
7667
7677
7683
7686
7694
7708
7741
7743
7780
7788
7797
7800
7803
7808
7821
7861
7868
7874
7882
7883
7889
7896
7898
7919
7948
7974
7975
7985
7986
7989
k
