10
14
17
19
33
42
54
58
60
61
65
70
71
74
90
92
95
100
114
123
144
146
162
163
164
169
244
252
262
264
288
307
308
310
318
324
330
332
347
388
409
417
420
429
435
447
453
476
480
501
508
516
539
540
546
557
573
577
579
599
609
629
634
641
647
651
672
686
710
724
730
732
742
753
760
764
765
766
784
791
795
804
814
822
823
829
846
851
856
858
862
867
868
872
878
887
889
893
901
919
929
933
943
944
970
981
987
993
996
1008
1010
1018
1031
1048
1072
1097
1098
1103
1130
1132
1137
1147
1152
1159
1164
1167
1170
1184
1185
1201
1204
1212
1228
1240
1244
1252
1258
1286
1291
1298
1315
1319
1326
1335
1355
1368
1375
1377
1387
1398
1407
1413
1433
1444
1477
1480
1501
1508
1516
1518
1521
1527
1538
1551
1553
1556
1582
1608
1611
1629
1638
1648
1652
1659
1666
1682
1690
1696
1708
1728
1733
1739
1745
1772
1788
1800
1805
1835
1851
1858
1866
1870
1875
1876
1883
1885
1886
1898
1921
1965
1982
2004
2028
2051
2057
2070
2073
2074
2076
2088
2089
2092
2102
2104
2106
2111
2120
2148
2165
2200
2217
2232
2244
2245
2252
2258
2259
2276
2290
2291
2313
2327
2344
2352
2364
2379
2391
2396
2398
2401
2406
2411
2430
2456
2469
2478
2506
2517
2525
2526
2536
2545
2561
2563
2575
2586
2587
2600
2618
2624
2650
2659
2671
2672
2673
2687
2689
2714
2716
2718
2719
2721
2722
2729
2735
2740
2752
2754
2768
2777
2788
2812
2821
2822
2835
2838
2843
2846
2847
2862
2870
2875
2890
2907
2909
2910
2917
2926
2935
2940
2942
2946
2951
2960
2962
2965
2981
3000
3002
3012
3014
3028
3039
3045
3053
3087
3092
3115
3122
3148
3181
3186
3203
3221
3229
3231
3263
3282
3283
3289
3291
3294
3298
3302
3306
3310
3317
3328
3335
3338
3345
3356
3369
3387
3403
3425
3454
3467
3481
3527
3531
3536
3542
3554
3555
3558
3559
3563
3567
3572
3579
3605
3608
3615
3620
3627
3628
3629
3637
3671
3699
3712
3714
3716
3732
3733
3740
3750
3755
3772
3774
3778
3779
3786
3793
3798
3820
3825
3833
3837
3838
3843
3857
3866
3869
3874
3875
3887
3896
3906
3911
3923
3926
3928
3944
3956
3987
3999
4037
4066
4070
4082
4084
4090
4100
4104
4123
4124
4128
4161
4178
4179
4180
4184
4201
4204
4208
4209
4216
4226
4245
4250
4257
4258
4266
4271
4286
4303
4309
4312
4331
4347
4353
4375
4384
4418
4424
4449
4450
4487
4488
4494
4499
4500
4523
4550
4553
4568
4575
4577
4579
4587
4591
4593
4596
4598
4601
4608
4618
4654
4664
4680
4687
4696
4714
4727
4731
4741
4744
4747
4754
4755
4776
4784
4794
4817
4827
4861
4869
4877
4887
4904
4910
4965
4967
4977
4988
4991
5023
5025
5040
5044
5086
5102
5112
5121
5123
5127
5131
5159
5162
5204
5208
5210
5216
5222
5230
5251
5261
5267
5272
5276
5284
5287
5297
5334
5335
5337
5340
5352
5368
5373
5379
5390
5399
5402
5405
5421
5432
5437
5442
5450
5452
5455
5465
5467
5488
5498
5516
5517
5521
5533
5537
5541
5558
5571
5575
5587
5600
5601
5602
5623
5631
5644
5659
5661
5665
5671
5672
5685
5686
5705
5712
5715
5739
5744
5749
5751
5753
5792
5797
5809
5824
5831
5833
5848
5849
5857
5871
5886
5890
5901
5908
5910
5924
5931
5940
5944
5947
5950
5952
5970
5979
5984
5997
6001
6019
6025
6042
6064
6072
6073
6079
6088
6122
6126
6136
6138
6140
6175
6178
6180
6190
6206
6207
6209
6217
6229
6235
6252
6277
6285
6321
6335
6338
6357
6365
6373
6391
6459
6494
6495
6496
6514
6547
6557
6565
6570
6577
6593
6617
6629
6640
6664
6673
6701
6706
6732
6750
6775
6792
6799
6806
6807
6815
6845
6853
6878
6883
6890
6891
6910
6917
6918
6924
6927
6956
6963
7007
7012
7037
7061
7063
7069
7097
7099
7136
7140
7142
7147
7161
7162
7171
7175
7177
7185
7198
7201
7216
7217
7227
7232
7248
7257
7264
7269
7273
7280
7281
7287
7296
7309
7315
7324
7325
7327
7328
7336
7339
7349
7371
7381
7397
7401
7410
7419
7423
7429
7439
7442
7456
7470
7475
7478
7480
7498
7500
7523
7529
7534
7537
7545
7559
7567
7572
7606
7618
7619
7620
7623
7625
7644
7666
7670
7672
7676
7677
7690
7694
7700
7727
7733
7737
7741
7745
7759
7777
7785
7793
7799
7804
7815
7816
7822
7843
7853
7855
7859
7863
7864
7914
7942
7963
7974
7985
8014
8029
8031
8034
8036
8052
8061
8062
8070
8071
8073
8084
8095
8101
8118
8121
8127
8139
8181
8192
8217
8223
8232
8241
8262
8274
8280
8290
8325
8333
8335
8338
8344
8345
8357
8361
8363
8367
8378
8394
8396
8397
8399
8412
8424
8426
8428
8433
8461
8475
8504
8514
8515
8529
8541
8553
8555
8558
8560
8573
8576
8580
8583
8590
8596
8612
8640
8643
8675
8689
8713
8715
8729
8733
8746
8751
8783
8787
8797
8806
8817
8825
8828
8837
8843
8863
8864
8869
8876
8892
8901
8910
8920
8929
8943
8956
8957
8963
8993
8997
9006
9018
9019
9026
9049
9055
9064
9078
9082
9083
9101
9134
9171
9197
9206
9209
9213
9237
9239
9254
9255
9256
9264
9277
9292
9297
9300
9301
9307
9324
9334
9343
9346
9351
9355
9356
9371
9383
9384
9393
9402
9432
9438
9439
9444
9452
9485
9493
9507
9530
9537
9550
9552
9563
9573
9581
9604
9613
9615
9624
9627
9638
9643
9656
9669
9673
9683
9710
9739
9743
9753
9754
9757
9759
9768
9775
9778
9791
9804
9816
9829
9852
9856
9863
9870
9871
9874
9883
9895
9903
9933
9938
9939
9946
9950
9962
9966
9975
9981
9994
10001
10011
10027
10039
10042
10055
10060
10067
10073
10074
10089
10118
10119
10139
10144
10154
10195
10197
10198
10200
10214
10227
10233
10246
10291
10299
10308
10319
10323
10324
10327
10340
10366
10367
10387
10408
10412
10413
10429
10430
10462
10468
10470
10475
10488
10505
10506
10521
10534
10543
10545
10547
10556
10558
10573
10633
10639
10649
10680
10688
10696
10700
10705
10717
10723
10736
10740
10784
10787
10790
10809
10813
10822
10834
10850
10851
10857
10863
10869
10871
10896
10912
10921
10940
10943
10953
10962
10970
10971
10982
10995
11010
11016
11030
11039
11050
11070
11095
11097
11101
11106
11115
11150
11154
11160
11163
11164
11165
11180
11190
11215
11224
11228
11232
11233
11234
11235
11242
11243
11246
11253
11255
11259
11268
11270
11274
11292
11307
11311
11313
11317
11347
11348
11354
11355
11357
11368
11372
11380
11384
11394
11415
11422
11442
11443
11447
11451
11454
11481
11495
11501
11508
11513
11520
11524
11530
11553
11560
11565
11576
11577
11588
11594
11603
11604
11637
11639
11643
11654
11655
11663
11667
11671
11721
11726
11730
11738
11745
11748
11751
11777
11778
11779
11787
11792
11808
11814
11816
11826
11829
11837
11893
11896
11898
11902
11905
11906
11918
11921
11925
11926
11957
11958
11986
11989
12000
12002
12009
12012
12021
12045
12088
12095
12132
12134
12136
12139
12140
12147
12169
12172
12175
12178
12197
12200
12201
12205
12207
12210
12232
12249
12250
12260
12276
12281
12282
12283
12290
12299
12352
12353
12358
12379
12394
12397
12402
12406
12408
12420
12421
12435
12460
12469
12478
12479
12496
12499
12505
12525
12563
12565
12566
12569
12584
12604
12607
12617
12620
12624
12632
12633
12650
12657
12662
12667
12668
12670
12675
12680
12692
12693
12706
12717
12726
12743
12749
12751
12754
12756
12770
12783
12786
12795
12805
12813
12838
12848
12852
12856
12877
12889
12895
12900
12913
12917
12924
12926
12929
12931
12940
12948
12956
12958
12960
12964
13000
13002
13007
13010
13011
13042
13043
13045
13047
13052
13053
13059
13077
13082
13094
13096
13101
13110
13133
13153
13154
13159
13161
13163
13170
13171
13183
13190
13207
13214
13215
13235
13247
13254
13285
13309
13321
13329
13350
13370
13375
13387
13402
13422
13426
13430
13437
13442
13451
13460
13468
13478
13484
13494
13495
13508
13515
13517
13526
13530
13542
13544
13545
13550
13557
13567
13582
13598
13602
13604
13613
13616
13638
13670
13680
13682
13709
13740
13756
13783
13788
13790
13793
13794
13807
13830
13837
13841
13868
13883
13900
13904
13914
13915
13919
13920
13934
13942
13943
13964
13970
13982
13984
13991
13997
14013
14018
14021
14024
14052
14058
14066
14079
14083
14093
14128
14148
14160
14161
14195
14216
14221
14224
14245
14257
14262
14269
14275
14277
14280
14300
14302
14314
14322
14326
14348
14349
14354
14355
14361
14372
14375
14393
14401
14411
14414
14425
14429
14432
14437
14440
14452
14454
14486
14487
14509
14521
14530
14547
14548
14552
14557
14558
14578
14581
14599
14606
14613
14642
14696
14702
14704
14732
14757
14758
14787
14814
14821
14829
14830
14838
14877
14879
14886
14888
14891
14901
14902
14903
14904
14923
14933
14935
14944
14964
14967
14973
14989
15002
15008
15013
15016
15020
15031
15033
15038
15068
15070
15071
15074
15075
15102
15125
15131
15143
15149
15161
15166
15177
15188
15206
15207
15226
15232
15236
15275
15281
15300
15307
15319
15322
15325
15331
15336
15341
15345
15370
15373
15374
15377
15378
15381
15391
15393
15395
15399
15400
15409
15418
15435
15470
15477
15479
15484
15491
15504
15512
15516
15518
15522
15524
15529
15532
15539
15542
15546
15553
15554
15578
15580
15588
15589
15591
15612
15613
15640
15656
15691
15692
15693
15694
15705
15718
15720
15726
15745
15761
15769
15785
15796
15806
15819
15830
15834
15844
15855
15860
15866
15880
15882
15893
15898
15902
15906
15917
15920
15923
15930
15957
15959
15960
15977
15992
15999
16004
16009
16010
16048
16052
16053
16092
16098
16105
16110
16125
16126
16133
16138
16179
16186
16200
16211
16222
16242
16288
16296
16300
16343
16352
16355
16364
16370
16392
16396
16408
16419
16430
16431
16436
16437
16466
16468
16479
16487
16489
16493
16514
16518
16520
16527
16531
16555
16582
16608
16616
16635
16644
16655
16660
16667
16674
16681
16684
16685
16691
16695
16699
16703
16711
16726
16760
16788
16794
16801
16802
16803
16807
16808
16810
16819
16824
16846
16864
16874
16881
16885
16894
16895
16903
16906
16908
16912
16915
16923
16926
16935
16941
16942
16949
16979
16981
16993
17000
17014
17019
17022
17028
17035
17039
17050
17065
17091
17108
17113
17125
17132
17152
17174
17177
17194
17201
17203
17223
17228
17250
17253
17256
17257
17261
17267
17278
17285
17290
17295
17306
17315
17320
17336
17349
17352
17356
17365
17369
17371
17388
17393
17395
17407
17411
17427
17429
17437
17441
17451
17457
17464
17506
17508
17527
17528
17531
17533
17540
17544
17557
17564
17568
17569
17582
17583
17586
17594
17597
17598
17601
17606
17620
17626
17646
17666
17667
17676
17677
17683
17695
17706
17707
17712
17717
17725
17749
17766
17769
17774
17795
17807
17824
17828
17830
17863
17874
17895
17907
17910
17914
17923
17928
17937
17950
17952
17957
17960
17982
17985
18023
18027
18066
18072
18078
18086
18089
18091
18100
18123
18124
18137
18145
18152
18157
18171
18178
18183
18235
18257
18263
18287
18313
18319
18326
18327
18329
18340
18347
18356
18363
18364
18369
18391
18401
18404
18415
18422
18430
18436
18451
18455
18461
18476
18483
18486
18487
18508
18509
18514
18515
18550
18560
18574
18598
18606
18615
18624
18640
18649
18651
18652
18659
18680
18689
18705
18720
18725
18771
18776
18777
18805
18812
18815
18825
18832
18836
18840
18842
18851
18856
18859
18873
18885
18892
18893
18901
18909
18910
18924
18929
18935
18941
18944
18954
18966
18968
18983
18985
19009
19012
19014
19034
19045
19046
19073
19083
19104
19120
19123
19130
19144
19146
19158
19167
19169
19192
19201
19221
19230
19234
19242
19274
19275
19285
19296
19303
19308
19321
19335
19357
19371
19377
19379
19390
19392
19405
19409
19426
19428
19430
19433
19435
19436
19438
19444
19445
19459
19475
19476
19481
19484
19498
19521
19551
19552
19565
19595
19600
19610
19628
19649
19658
19662
19665
19678
19704
19713
19717
19724
19735
19741
19793
19798
19804
19821
19827
19828
19876
19877
19904
19931
19933
19996
20044
20054
20069
20085
20090
20108
20116
20139
20146
20150
20155
20162
20163
20190
20192
20197
20211
20222
20233
20241
20248
20262
20275
20280
20292
20295
20299
20300
20308
20313
20316
20320
20337
20339
20342
20344
20352
20359
20374
20381
20383
20394
20419
20421
20430
20434
20453
20460
20467
20477
20486
20491
20492
20499
20502
20525
20526
20538
20539
20545
20556
20573
20581
20583
20588
20609
20614
20624
20625
20660
20686
20697
20706
20716
20725
20728
20739
20745
20755
20773
20781
20787
20794
20805
20825
20828
20833
20837
20844
20859
20875
20876
20880
20895
20896
20907
20926
20932
20934
20954
20975
20989
20997
20999
21012
21016
21020
21021
21030
21035
21045
21049
21056
21069
21080
21082
21084
21096
21117
21137
21140
21141
21144
21154
21156
21164
21179
21192
21220
21222
21230
21234
21240
21241
21247
21250
21263
21273
21288
21307
21313
21330
21352
21361
21382
21385
21402
21433
21445
21453
21456
21467
21475
21485
21497
21530
21540
21564
21585
21598
21599
21623
21624
21648
21656
21668
21669
21671
21676
21677
21690
21692
21695
21710
21711
21712
21731
21759
21768
21770
21780
21816
21838
21847
21853
21863
21866
21869
21875
21895
21898
21907
21912
21921
21922
21929
21936
21960
21968
21973
21982
21983
21992
22001
22010
22011
22018
22023
22027
22061
22069
22074
22097
22107
22108
22122
22136
22144
22152
22160
22163
22183
22184
22188
22228
22255
22275
22282
22285
22288
22292
22293
22312
22315
22327
22340
22346
22361
22365
22373
22380
22385
22387
22420
22449
22465
22471
22505
22512
22521
22524
22531
22538
22541
22562
22568
22571
22574
22581
22587
22590
22592
22595
22600
22603
22611
22619
22629
22650
22663
22664
22667
22675
22690
22714
22715
22721
22725
22728
22733
22737
22752
22767
22774
22798
22804
22815
22866
22882
22887
22898
22904
22907
22919
22922
22936
22942
22952
22959
22961
22973
22986
22993
22998
22999
23008
23016
23023
23034
23050
23059
23064
23066
23069
23070
23074
23075
23086
23101
23117
23159
23164
23165
23173
23176
23193
23227
23243
23352
23355
23359
23363
23384
23388
23408
23409
23426
23438
23440
23454
23464
23467
23492
23505
23512
23519
23520
23523
23525
23542
23543
23545
23568
23590
23647
23648
23651
23654
23675
23676
23693
23697
23700
23702
23703
23712
23713
23719
23734
23737
23739
23744
23756
23757
23764
23768
23769
23778
23789
23799
23821
23824
23828
23853
23864
23880
23897
23899
23907
23913
23924
23928
23930
23934
23936
23957
23961
23964
23975
23987
23997
24003
24004
24016
24021
24022
24037
24043
24047
24053
24056
24074
24098
24103
24114
24115
24128
24141
24148
24152
24168
24178
24187
24214
24251
24256
24276
24283
24292
24294
24296
24308
24313
24318
24337
24340
24349
24386
24389
24395
24398
24399
24408
24429
24430
24440
24449
24476
24489
24494
24499
24500
24507
24533
24539
24548
24555
24562
24573
24586
24618
24620
24621
24628
24634
24645
24658
24670
24673
24679
24702
24705
24723
24742
24749
24757
24770
24809
24814
24820
24821
24831
24835
24864
24906
24964
24966
24967
24972
25003
25005
25006
25008
25019
25024
25032
25033
25049
25070
25091
25114
25127
25128
25131
25144
25194
25198
25207
25211
25216
25220
25234
25247
25253
25261
25263
25277
25298
25308
25309
25317
25320
25328
25335
25346
25393
25402
25413
25422
25427
25430
25446
25448
25454
25460
25462
25469
25474
25482
25487
25490
25491
25494
25502
25523
25526
25534
25553
25561
25576
25585
25586
25590
25594
25595
25597
25605
25608
25613
25615
25622
25629
25642
25645
25671
25676
25690
25715
25732
25733
25738
25742
25744
25750
25758
25768
25772
25773
25777
25799
25829
25849
25851
25870
25872
25887
25895
25910
25919
25932
25935
25948
25952
25983
25986
25987
26007
26014
26015
26021
26031
26042
26050
26074
26086
26097
26098
26105
26106
26117
26146
26161
26179
26184
26193
26195
26197
26198
26210
26217
26222
26241
26265
26273
26274
26291
26305
26307
26320
26327
26333
26356
26365
26376
26391
26415
26420
26439
26441
26448
26457
26470
26473
26486
26488
26503
26505
26511
26516
26532
26547
26557
26558
26566
26568
26571
26576
26582
26586
26605
26609
26617
26626
26633
26637
26653
26661
26665
26673
26684
26696
26697
26698
26730
26739
26745
26759
26767
26774
26827
26829
26831
26835
26836
26839
26863
26866
26869
26871
26878
26889
26893
26896
26914
26920
26925
26931
26940
26945
26967
26980
26989
27005
27031
27034
27052
27065
27069
27100
27107
27110
27113
27119
27122
27128
27149
27156
27163
27171
27182
27188
27203
27210
27224
27226
27234
27238
27266
27279
27285
27302
27304
27310
27325
27338
27347
27348
27352
27364
27371
27405
27409
27422
27424
27431
27441
27455
27456
27465
27466
27478
27483
27485
27494
27495
27496
27498
27512
27516
27545
27550
27564
27565
27570
27575
27587
27596
27604
27608
27614
27622
27637
27645
27649
27664
27665
27670
27677
27695
27702
27706
27709
27721
27724
27743
27744
27758
27765
27769
27772
27780
27781
27784
27791
27798
27800
27818
27822
27824
27826
27827
27831
27835
27852
27881
27902
27903
27913
27917
27918
27919
27937
27955
27959
27970
27998
28015
28024
28028
28029
28061
28080
28098
28133
28138
28143
28165
28169
28183
28205
28208
28213
28214
28221
28248
28257
28260
28263
28271
28273
28280
28283
28323
28325
28340
28341
28345
28351
28364
28366
28367
28368
28374
28378
28384
28396
28398
28414
28425
28451
28453
28455
28457
28484
28501
28506
28518
28519
28536
28546
28547
28557
28587
28595
28596
28597
28605
28606
28622
28633
28637
28640
28643
28646
28648
28653
28672
28676
28683
28688
28697
28732
28747
28780
28790
28805
28811
28812
28829
28833
28847
28851
28852
28929
28933
28935
28941
28964
28977
28981
28984
28991
28993
28999
29001
29013
29018
29026
29034
29043
29078
29088
29107
29116
29118
29132
29149
29150
29156
29167
29175
29180
29196
29200
29208
29214
29220
29230
29233
29262
29274
29290
29305
29323
29325
29326
29334
29337
29345
29358
29372
29389
29390
29393
29410
29414
29419
29422
29423
29438
29441
29461
29464
29466
29476
29491
29502
29504
29529
29536
29538
29578
29582
29601
29603
29604
29608
29630
29640
29652
29654
29662
29669
29678
29685
29688
29707
29711
29712
29720
29725
29729
29734
29737
29742
29743
29763
29764
29766
29769
29770
29784
29785
29786
29788
29806
29812
29821
29826
29827
29848
29868
29887
29903
29911
29947
29952
29961
29966
29968
29978
29985
29995
30002
30005
30040
30059
30067
30068
30069
30071
30094
30105
30111
30121
30139
30149
30179
30189
30192
30195
30203
30205
30226
30228
30244
30247
30270
30293
30298
30324
30330
30344
30352
30360
30361
30369
30375
30383
30409
30418
30437
30442
30448
30472
30480
30483
30489
30509
30512
30513
30518
30530
30558
30571
30599
30603
30616
30619
30631
30637
30664
30668
30682
30684
30686
30692
30695
30699
30736
30751
30755
30780
30782
30784
30785
30799
30809
30828
30830
30867
30899
30920
30928
30930
30958
30964
30965
30974
30982
30984
30985
30989
30996
31013
31016
31030
31035
31038
31041
31060
31062
31074
31089
31096
31097
31142
31152
31154
31176
31180
31191
31194
31220
31222
31226
31231
31235
31242
31275
31282
31291
31325
31338
31339
31340
31354
31357
31383
31392
31400
31402
31405
31410
31411
31425
31428
31431
31442
31448
31456
31461
31478
31494
31498
31504
31510
31511
31522
31525
31528
31539
31546
31564
31568
31571
31573
31578
31582
31585
31588
31592
31593
31607
31616
31631
31633
31661
31662
31671
31683
31699
31721
31742
31755
31770
31795
31799
31802
31822
31824
31826
31829
31830
31852
31866
31871
31880
31896
31916
31922
31939
31958
31959
31962
31970
31973
31975
31983
31985
32002
32007
32025
32027
32036
32040
32049
32061
32063
32065
32088
32102
32103
32121
32129
32132
32146
32161
32168
32191
32193
32199
32223
32225
32229
32231
32239
32248
32261
32273
32277
32280
32300
32304
32314
32328
32333
32335
32336
32339
32345
32348
32356
32361
32367
32371
32383
32385
32405
32407
32415
32420
32421
32430
32434
32438
32449
32464
32467
32538
32548
32575
32587
32615
32628
32631
32633
32647
32651
32667
32672
32683
32701
32712
32719
32721
32728
32738
32742
32767
32788
32792
32823
32840
32843
32853
32857
32867
32892
32901
32914
32926
32955
32957
32960
32974
32986
33018
33020
33026
33030
33055
33070
33073
33074
33078
33117
33122
33137
33142
33162
33163
33169
33186
33190
33194
33202
33217
33229
33255
33281
33288
33323
33342
33350
33358
33360
33363
33367
33388
33407
33408
33439
33451
33485
33488
33489
33496
33501
33509
33527
33532
33538
33543
33559
33569
33570
33582
33585
33589
33603
33605
33613
33630
33640
33644
33650
33654
33658
33662
33674
33675
33690
33698
33699
33702
33720
33735
33741
33764
33776
33803
33807
33837
33878
33888
33902
33925
33933
33939
33953
33958
33960
33963
33976
33985
34001
34017
34022
34041
34049
34052
34057
34063
34071
34100
34101
34107
34124
34141
34197
34201
34210
34217
34224
34250
34252
34287
34291
34319
34320
34344
34352
34365
34380
34385
34392
34410
34411
34420
34431
34434
34439
34453
34484
34494
34499
34502
34508
34544
34546
34551
34552
34555
34563
34579
34583
34597
34620
34632
34647
34657
34659
34665
34674
34683
34687
34703
34707
34711
34717
34727
34738
34739
34750
34762
34766
34767
34782
34786
34797
34803
34811
34816
34820
34836
34837
34881
34888
34893
34899
34903
34912
34915
34918
34935
34941
34969
34974
34978
34983
34988
35012
35028
35039
35046
35067
35076
35086
35091
35093
35102
35109
35113
35118
35119
35143
35145
35180
35186
35196
35205
35215
35221
35235
35240
35247
35269
35291
35295
35310
35345
35360
35371
35382
35385
35400
35406
35407
35409
35412
35422
35436
35438
35441
35446
35466
35488
35490
35491
35538
35545
35557
35563
35588
35600
35605
35608
35609
35612
35650
35655
35686
35703
35704
35705
35706
35724
35727
35734
35737
35745
35754
35772
35787
35811
35813
35814
35825
35838
35839
35845
35875
35888
35891
35898
35903
35914
35928
35947
35950
35961
35963
35967
35977
35980
36004
36019
36021
36022
36073
36078
36091
36102
36104
36112
36157
36162
36178
36181
36196
36205
36210
36217
36218
36231
36235
36236
36240
36250
36260
36276
36285
36291
36292
36295
36301
36303
36313
36321
36345
36348
36354
36378
36386
36395
36403
36409
36427
36436
36457
36465
36468
36480
36494
36498
36504
36520
36523
36526
36545
36554
36557
36562
36575
36579
36580
36584
36593
36597
36617
36623
36626
36640
36641
36644
36652
36664
36665
36704
36716
36724
36733
36734
36738
36739
36740
36745
36748
36762
36805
36818
36819
36821
36823
36833
36834
36848
36869
36873
36883
36884
36889
36891
36924
36926
36936
36946
36956
36966
36967
36977
36978
36992
36993
37003
37004
37006
37014
37037
37041
37050
37060
37069
37079
37089
37092
37100
37121
37128
37129
37134
37135
37145
37151
37162
37194
37205
37224
37226
37259
37275
37302
37307
37308
37311
37335
37337
37338
37353
37374
37384
37388
37391
37410
37414
37415
37420
37423
37468
37485
37492
37497
37505
37519
37523
37531
37540
37550
37551
37567
37586
37611
37629
37631
37642
37645
37669
37681
37716
37746
37764
37783
37807
37811
37858
37867
37887
37888
37903
37921
37922
37923
37930
37943
37947
37948
37964
37968
37976
37978
37982
37984
37998
38011
38022
38040
38049
38058
38063
38064
38085
38093
38100
38103
38107
38113
38118
38119
38121
38166
38170
38175
38177
38180
38206
38209
38215
38241
38257
38259
38262
38267
38276
38278
38281
38286
38298
38299
38306
38312
38331
38346
38356
38358
38360
38365
38366
38368
38378
38390
38401
38412
38433
38435
38439
38449
38451
38453
38463
38477
38488
38489
38494
38520
38522
38526
38534
38544
38556
38577
38580
38587
38590
38597
38618
38627
38652
38671
38672
38676
38685
38689
38721
38733
38734
38746
38765
38771
38775
38785
38795
38796
38836
38838
38859
38874
38875
38906
38909
38912
38916
38918
38925
38929
38932
38938
38941
38944
38951
38964
38974
38997
39000
39011
39016
39056
39085
39099
39100
39114
39117
39121
39125
39138
39140
39152
39157
39159
39194
39205
39208
39209
39213
39230
39232
39242
39247
39251
39300
39302
39309
39318
39351
39364
39365
39368
39388
39391
39398
39400
39402
39437
39438
39439
39456
39480
39489
39515
39522
39523
39536
39541
39555
39573
39580
39591
39600
39603
39604
39633
39641
39651
39652
39664
39667
39671
39679
39687
39711
39801
39808
39833
39840
39846
39866
39886
39887
39894
39896
39911
39921
39923
39937
39942
39945
39946
39963
39969
39973
39995
40000
k
