3997
3985
3977
3954
3937
3896
3879
3867
3854
3840
3823
3821
3812
3803
3802
3800
3797
3790
3765
3744
3723
3701
3693
3651
3612
3598
3592
3583
3582
3557
3556
3517
3476
3443
3399
3394
3365
3333
3269
3268
3224
3200
3198
3129
3087
3077
3061
3033
3017
3012
2979
2938
2927
2826
2807
2798
2795
2793
2784
2777
2756
2730
2727
2724
2706
2676
2658
2647
2617
2606
2604
2588
2582
2558
2557
2547
2536
2518
2512
2488
2487
2457
2453
2409
2396
2375
2360
2349
2333
2328
2268
2255
2244
2229
2213
2172
2126
2119
2118
2110
2105
2104
2093
2058
2017
1990
1972
1917
1899
1894
1891
1881
1876
1860
1858
1854
1805
1758
1732
1723
1716
1674
1671
1650
1631
1616
1580
1545
1527
1521
1518
1517
1516
1513
1458
1379
1360
1352
1344
1249
1201
1187
1182
1175
1159
1140
1133
1078
1070
1062
1061
1048
1020
1015
971
957
925
847
835
830
794
792
781
778
776
771
749
692
679
673
667
659
645
625
599
484
452
448
447
444
440
411
402
391
373
371
366
298
261
241
206
205
189
159
123
112
82
70
56
3
10
16
30
33
52
60
177
191
221
236
250
256
272
276
328
349
351
354
366
375
388
426
459
494
499
510
523
541
543
569
575
596
604
609
633
668
672
698
719
744
763
768
792
793
796
824
845
875
954
964
995
996
1005
1007
1020
1025
1026
1051
1093
1100
1109
1155
1160
1163
1174
1187
1228
1261
1273
1284
1285
1383
1406
1431
1433
1454
1489
1517
1536
1555
1557
1599
1614
1630
1631
1642
1670
1678
1686
1699
1709
1712
1724
1742
1752
1795
1799
1801
1816
1818
1824
1831
1843
1854
1878
1897
1916
1930
1937
1945
1950
2013
2067
2119
2126
2130
2133
2151
2172
2197
2203
2244
2277
2282
2294
2381
2420
2426
2435
2478
2486
2493
2528
2554
2555
2560
2601
2624
2675
2694
2697
2717
2719
2724
2729
2757
2776
2814
2833
2844
2876
2899
2901
2924
2957
3002
3009
3021
3077
3079
3109
3145
3155
3163
3179
3194
3219
3242
3248
3259
3285
3294
3333
3353
3360
3362
3384
3391
3394
3462
3472
3510
3522
3556
3559
3596
3635
3664
3668
3671
3714
3748
3784
3808
3837
3884
3918
3922
3946
3968
k
