99984
99983
99971
99969
99945
99934
99924
99902
99839
99824
99798
99783
99762
99760
99755
99745
99727
99689
99683
99674
99670
99661
99653
99642
99606
99584
99550
99526
99515
99511
99407
99376
99358
99353
99340
99338
99323
99316
99287
99276
99268
99251
99224
99162
99113
99094
99090
99075
99072
99061
99052
99049
99043
99038
98977
98962
98942
98939
98932
98917
98906
98879
98863
98805
98781
98743
98713
98684
98674
98672
98547
98518
98517
98496
98478
98469
98466
98442
98435
98415
98408
98406
98403
98372
98322
98306
98281
98278
98274
98221
98176
98128
98061
98049
98043
98012
97998
97956
97955
97945
97800
97797
97794
97786
97765
97763
97739
97710
97697
97696
97661
97580
97576
97568
97540
97536
97530
97519
97512
97503
97484
97482
97479
97465
97438
97434
97392
97387
97368
97367
97337
97312
97302
97284
97283
97279
97263
97251
97195
97167
97136
97031
97019
97016
96987
96976
96949
96938
96860
96859
96831
96810
96791
96771
96744
96742
96700
96698
96697
96685
96684
96651
96602
96591
96586
96583
96526
96476
96464
96461
96454
96411
96388
96351
96335
96294
96286
96281
96246
96245
96164
96163
96159
96156
96145
96133
96127
96083
96073
96046
96040
96034
96015
95972
95967
95944
95928
95924
95923
95882
95871
95867
95866
95826
95825
95823
95782
95779
95749
95747
95730
95709
95691
95689
95674
95639
95627
95587
95560
95558
95518
95512
95508
95466
95443
95433
95425
95415
95350
95344
95324
95309
95294
95277
95272
95252
95251
95245
95212
95197
95119
95106
95104
95065
95057
95055
95050
95031
95015
94990
94981
94970
94969
94967
94901
94888
94872
94862
94856
94848
94846
94845
94804
94771
94765
94747
94730
94706
94704
94681
94652
94635
94634
94633
94602
94573
94550
94548
94547
94521
94519
94490
94470
94448
94439
94435
94425
94407
94399
94396
94390
94381
94338
94327
94248
94230
94226
94163
94132
94128
94117
94109
94090
94072
94060
94050
94033
94029
93996
93957
93949
93944
93940
93933
93926
93906
93889
93844
93815
93785
93780
93769
93736
93731
93689
93654
93646
93634
93580
93485
93477
93470
93455
93434
93417
93404
93395
93307
93298
93284
93267
93244
93226
93209
93168
93124
93095
93063
93000
92996
92974
92937
92895
92888
92805
92798
92758
92756
92745
92680
92677
92674
92637
92636
92622
92562
92547
92509
92495
92469
92456
92450
92428
92424
92420
92347
92346
92329
92322
92274
92268
92236
92235
92234
92203
92194
92187
92168
92165
92124
92122
92093
92092
92088
92074
91991
91988
91942
91932
91926
91903
91888
91880
91873
91862
91828
91791
91769
91755
91747
91741
91724
91709
91699
91665
91652
91629
91614
91605
91579
91565
91544
91519
91516
91501
91497
91482
91471
91443
91432
91430
91421
91374
91351
91311
91301
91293
91287
91283
91276
91232
91231
91192
91159
91139
91068
91066
90955
90936
90935
90933
90932
90917
90909
90890
90886
90867
90836
90813
90804
90799
90798
90782
90770
90722
90696
90684
90636
90583
90582
90567
90533
90510
90509
90507
90490
90445
90422
90406
90399
90392
90380
90362
90359
90347
90339
90324
90319
90266
90239
90191
90179
90148
90122
90115
90105
90082
90041
90017
89979
89973
89971
89963
89934
89907
89879
89868
89852
89845
89806
89781
89756
89741
89735
89711
89706
89697
89694
89658
89644
89602
89600
89577
89536
89524
89494
89433
89432
89428
89398
89387
89346
89319
89317
89316
89314
89284
89277
89242
89207
89185
89154
89153
89139
89113
89098
89093
89078
89070
89065
89025
89005
88991
88976
88967
88926
88911
88907
88902
88900
88893
88885
88855
88840
88823
88817
88798
88715
88709
88708
88706
88689
88648
88579
88571
88559
88523
88500
88495
88471
88463
88434
88431
88424
88391
88368
88363
88355
88339
88321
88292
88279
88204
88197
88113
88089
88067
88055
88025
88015
88003
88000
87998
87986
87969
87917
87903
87859
87852
87842
87835
87824
87817
87800
87798
87764
87746
87721
87711
87673
87634
87565
87564
87549
87504
87491
87472
87470
87419
87400
87382
87353
87323
87287
87237
87232
87210
87204
87180
87163
87156
87155
87143
87139
87090
87088
87077
87074
87060
87051
87049
87020
87011
87001
86980
86974
86965
86955
86946
86930
86922
86857
86826
86823
86772
86766
86763
86762
86735
86733
86704
86689
86671
86662
86639
86638
86619
86568
86547
86523
86488
86410
86377
86369
86366
86361
86253
86241
86225
86184
86156
86149
86144
86088
86081
86079
86056
86055
86033
86023
86021
85986
85984
85969
85958
85938
85859
85827
85788
85774
85746
85745
85711
85701
85676
85666
85636
85600
85576
85566
85532
85491
85482
85462
85450
85411
85398
85300
85298
85226
85214
85205
85194
85192
85190
85157
85149
85122
85099
85062
85031
85004
84998
84996
84990
84961
84957
84938
84929
84916
84895
84891
84890
84838
84805
84788
84785
84779
84758
84640
84605
84551
84545
84542
84508
84501
84457
84416
84404
84399
84393
84360
84336
84300
84276
84241
84224
84221
84202
84188
84184
84151
84140
84125
84124
84099
84069
84066
84056
84022
83987
83964
83909
83857
83855
83824
83812
83811
83771
83766
83738
83720
83698
83656
83650
83647
83642
83614
83606
83569
83558
83542
83529
83528
83522
83512
83475
83467
83453
83431
83398
83392
83387
83385
83364
83360
83324
83309
83283
83282
83275
83230
83201
83198
83184
83170
83162
83132
83121
83117
83101
83051
83025
82983
82951
82946
82943
82941
82932
82869
82846
82845
82827
82813
82792
82773
82763
82759
82748
82708
82702
82701
82678
82638
82624
82621
82616
82606
82601
82565
82563
82560
82554
82522
82516
82505
82495
82477
82469
82467
82421
82419
82415
82392
82373
82358
82325
82313
82304
82291
82259
82206
82170
82147
82094
82045
82027
81987
81940
81927
81923
81917
81906
81890
81883
81846
81814
81783
81753
81747
81744
81672
81668
81632
81628
81616
81570
81502
81501
81466
81463
81405
81337
81330
81304
81303
81267
81260
81225
81212
81186
81176
81158
81121
81037
81015
81012
80991
80969
80966
80947
80884
80881
80866
80844
80839
80835
80834
80827
80783
80781
80759
80751
80714
80697
80657
80648
80632
80627
80604
80592
80565
80528
80517
80509
80493
80492
80463
80456
80451
80430
80359
80357
80314
80313
80310
80305
80294
80293
80280
80275
80263
80256
80255
80185
80182
80148
80135
80127
80064
80043
80025
79994
79993
79984
79982
79962
79948
79905
79902
79887
79872
79865
79847
79816
79744
79729
79722
79718
79693
79681
79633
79620
79611
79602
79549
79521
79517
79512
79492
79464
79457
79436
79426
79409
79403
79362
79349
79345
79296
79294
79267
79258
79249
79246
79230
79202
79185
79154
79137
79113
79096
79095
79094
79087
79076
79052
79041
78986
78964
78951
78917
78891
78886
78881
78849
78842
78840
78835
78777
78757
78746
78730
78728
78700
78691
78678
78656
78654
78649
78647
78634
78584
78523
78518
78513
78498
78492
78477
78471
78457
78455
78440
78431
78420
78415
78404
78394
78386
78381
78349
78337
78321
78305
78304
78285
78281
78272
78241
78235
78224
78218
78206
78198
78174
78103
78095
78093
78089
78063
78061
78041
78004
77985
77950
77948
77861
77859
77850
77834
77817
77805
77794
77789
77779
77777
77772
77765
77759
77740
77689
77668
77647
77639
77619
77563
77555
77553
77535
77525
77519
77517
77471
77406
77398
77395
77379
77310
77301
77280
77273
77262
77258
77257
77206
77189
77167
77162
77151
77079
77075
77049
77020
77001
76969
76967
76921
76915
76888
76807
76803
76801
76798
76790
76784
76767
76610
76585
76573
76565
76564
76535
76529
76519
76504
76460
76436
76413
76394
76389
76382
76355
76322
76319
76240
76210
76203
76127
76122
76115
76088
76039
76036
76031
76020
76006
76003
75982
75967
75953
75943
75923
75922
75900
75853
75841
75813
75801
75800
75778
75769
75744
75743
75695
75683
75673
75670
75668
75664
75647
75643
75627
75622
75602
75522
75518
75500
75492
75490
75487
75451
75436
75411
75383
75352
75341
75335
75273
75251
75236
75209
75208
75158
75138
75125
75121
75119
75116
75107
75102
75049
75041
75033
75025
75019
74997
74964
74925
74845
74833
74821
74815
74813
74784
74782
74769
74695
74684
74676
74609
74572
74566
74542
74471
74445
74417
74404
74394
74388
74373
74360
74355
74335
74323
74312
74311
74309
74304
74271
74247
74184
74152
74119
74118
74076
74063
74050
74045
73950
73941
73880
73861
73855
73851
73838
73828
73820
73807
73800
73798
73787
73758
73729
73674
73630
73607
73574
73514
73465
73440
73420
73412
73381
73362
73353
73351
73335
73298
73289
73272
73258
73246
73227
73193
73084
73070
73069
73062
73047
73046
73034
72994
72993
72985
72970
72931
72927
72897
72872
72859
72843
72839
72804
72779
72765
72714
72707
72601
72588
72572
72530
72513
72510
72507
72488
72477
72449
72423
72422
72383
72359
72327
72306
72293
72283
72273
72261
72187
72186
72121
72115
72091
72079
72077
72071
72056
72021
72020
72019
71914
71901
71863
71830
71800
71796
71795
71761
71757
71752
71746
71698
71681
71642
71571
71559
71533
71504
71459
71438
71437
71417
71412
71405
71398
71361
71358
71313
71309
71302
71285
71280
71261
71256
71235
71233
71194
71163
71133
71055
71036
71022
70971
70970
70961
70943
70901
70892
70880
70877
70871
70849
70828
70807
70784
70759
70747
70746
70738
70734
70724
70689
70672
70640
70631
70627
70611
70594
70575
70497
70491
70442
70329
70322
70319
70315
70269
70262
70210
70205
70191
70186
70168
70143
70110
70108
70052
70046
70005
69999
69974
69877
69876
69837
69836
69816
69803
69793
69791
69789
69740
69725
69714
69689
69688
69660
69657
69654
69625
69616
69597
69579
69573
69546
69540
69519
69487
69415
69383
69362
69353
69340
69336
69327
69303
69280
69263
69247
69229
69203
69194
69184
69169
69159
69152
69117
69108
69080
69059
69030
68971
68964
68939
68934
68881
68870
68817
68812
68773
68748
68738
68731
68703
68702
68662
68650
68637
68630
68627
68563
68558
68524
68455
68430
68400
68388
68364
68337
68336
68286
68238
68234
68215
68178
68175
68173
68168
68147
68122
68098
68097
68084
68049
68025
68023
68022
67981
67980
67962
67961
67960
67956
67896
67891
67883
67879
67876
67872
67865
67832
67824
67797
67795
67783
67778
67765
67746
67732
67723
67708
67698
67688
67674
67656
67637
67630
67622
67618
67613
67612
67595
67564
67513
67509
67508
67506
67479
67426
67413
67399
67396
67379
67377
67371
67353
67348
67333
67288
67234
67202
67162
67151
67138
67136
67135
67134
67131
67086
67085
67071
67066
67060
67006
66979
66954
66923
66916
66906
66891
66835
66832
66822
66819
66818
66815
66794
66787
66754
66740
66720
66696
66692
66607
66586
66525
66522
66490
66442
66406
66391
66377
66347
66338
66256
66246
66240
66228
66207
66204
66200
66179
66147
66125
66062
66041
66037
66030
65999
65997
65994
65991
65956
65952
65947
65905
65889
65840
65798
65739
65711
65705
65687
65674
65659
65648
65630
65625
65609
65553
65489
65479
65443
65426
65397
65376
65360
65355
65331
65308
65296
65295
65281
65274
65271
65253
65243
65217
65201
65194
65193
65176
65169
65137
65108
65068
65050
65018
65004
64977
64878
64871
64868
64861
64831
64823
64795
64789
64773
64768
64738
64737
64735
64712
64654
64642
64608
64598
64590
64565
64561
64559
64549
64536
64517
64503
64485
64484
64482
64477
64474
64457
64404
64393
64361
64342
64291
64258
64253
64236
64226
64191
64184
64164
64156
64110
64102
64069
64061
64039
64025
63984
63952
63951
63921
63916
63897
63892
63891
63884
63845
63833
63822
63821
63818
63814
63787
63740
63737
63712
63705
63676
63667
63632
63625
63618
63596
63574
63550
63542
63531
63503
63491
63485
63429
63428
63423
63406
63396
63386
63377
63366
63362
63352
63318
63273
63254
63249
63244
63239
63215
63210
63187
63182
63165
63143
63127
63095
63062
63049
63034
63007
62990
62962
62916
62907
62882
62854
62825
62762
62752
62681
62678
62668
62649
62641
62640
62620
62595
62504
62477
62465
62461
62423
62418
62367
62359
62349
62321
62319
62269
62265
62251
62242
62219
62217
62197
62146
62125
62093
62083
62080
62061
62050
62038
62007
61984
61977
61960
61945
61929
61913
61873
61859
61827
61817
61780
61779
61753
61715
61674
61622
61617
61610
61606
61602
61574
61563
61562
61550
61544
61543
61533
61520
61518
61502
61449
61423
61417
61413
61385
61382
61375
61362
61361
61350
61327
61323
61253
61243
61224
61214
61212
61200
61142
61091
61087
61059
61030
60980
60948
60945
60929
60926
60912
60902
60883
60833
60778
60702
60687
60674
60659
60647
60636
60630
60626
60484
60460
60459
60439
60423
60404
60391
60388
60371
60360
60334
60325
60313
60300
60284
60283
60268
60213
60169
60166
60155
60119
60097
60093
60083
60063
60005
59956
59950
59928
59905
59899
59894
59884
59877
59863
59849
59848
59834
59823
59816
59810
59803
59794
59792
59788
59758
59750
59745
59744
59691
59690
59648
59592
59589
59549
59542
59532
59510
59500
59464
59446
59442
59441
59404
59353
59342
59305
59301
59271
59250
59225
59208
59206
59203
59193
59186
59172
59133
59113
59065
59062
59050
59024
59009
59008
58952
58926
58907
58896
58877
58876
58874
58845
58842
58785
58772
58759
58745
58742
58732
58709
58707
58701
58689
58678
58604
58591
58555
58546
58510
58501
58499
58488
58477
58471
58456
58386
58352
58306
58286
58283
58266
58256
58188
58154
58153
58112
58092
58048
58046
58039
58033
58025
58002
57984
57970
57931
57927
57919
57911
57786
57758
57740
57683
57681
57666
57652
57620
57604
57581
57580
57570
57551
57547
57510
57506
57499
57498
57478
57470
57429
57418
57385
57365
57339
57314
57282
57257
57253
57240
57233
57231
57197
57175
57164
57156
57146
57131
57096
57083
57064
57015
57003
56994
56991
56977
56929
56904
56881
56858
56851
56810
56802
56767
56766
56732
56690
56688
56669
56637
56581
56575
56547
56544
56532
56521
56512
56505
56454
56451
56444
56443
56437
56426
56410
56400
56383
56322
56253
56217
56211
56184
56182
56169
56167
56134
56125
56073
56066
56055
56053
56038
56024
56016
55978
55967
55966
55911
55780
55767
55766
55728
55714
55701
55699
55687
55666
55648
55645
55629
55627
55611
55606
55574
55552
55537
55513
55487
55458
55409
55399
55365
55344
55331
55322
55290
55278
55256
55246
55229
55211
55201
55155
55126
55124
55048
55045
55029
55017
54986
54949
54942
54925
54863
54854
54829
54791
54722
54718
54705
54704
54668
54638
54619
54607
54603
54584
54541
54498
54472
54468
54403
54376
54350
54348
54331
54326
54299
54293
54292
54283
54243
54213
54148
54138
54133
54128
54121
54086
54079
54052
54043
54031
54013
53982
53931
53927
53909
53848
53844
53811
53780
53775
53754
53725
53723
53697
53695
53682
53637
53602
53578
53577
53574
53496
53408
53341
53337
53332
53315
53305
53238
53237
53196
53143
53133
53129
53112
53107
53093
53088
53078
53049
53036
53034
53030
53021
53020
53019
53000
52992
52982
52964
52943
52921
52885
52836
52806
52784
52762
52720
52682
52657
52648
52646
52641
52637
52634
52632
52631
52629
52628
52619
52606
52603
52583
52579
52568
52555
52543
52519
52513
52511
52503
52474
52449
52442
52368
52357
52355
52301
52291
52287
52265
52260
52237
52196
52195
52178
52171
52129
52075
52068
52060
52049
52045
52035
52032
52007
51939
51886
51853
51851
51809
51807
51769
51764
51751
51717
51708
51683
51680
51678
51655
51616
51609
51592
51552
51542
51498
51463
51462
51455
51437
51368
51363
51340
51286
51279
51191
51174
51169
51161
51135
51092
51084
51042
51021
50991
50981
50957
50955
50924
50913
50828
50826
50723
50705
50693
50692
50689
50676
50675
50655
50637
50616
50607
50586
50545
50511
50507
50475
50451
50412
50399
50398
50349
50344
50339
50327
50322
50320
50295
50246
50178
50163
50128
50109
50103
50098
50093
50085
50074
50063
50055
50039
50026
49995
49986
49981
49973
49940
49937
49931
49924
49922
49916
49911
49900
49869
49855
49842
49817
49804
49801
49782
49720
49660
49612
49600
49552
49521
49489
49478
49471
49467
49441
49434
49406
49401
49378
49369
49335
49233
49186
49169
49152
49144
49137
49129
49082
49050
49031
49008
48996
48974
48971
48926
48919
48917
48900
48895
48892
48887
48859
48857
48847
48840
48836
48816
48810
48807
48792
48790
48784
48770
48763
48758
48750
48726
48725
48701
48685
48672
48636
48629
48602
48591
48559
48532
48523
48475
48462
48424
48361
48342
48340
48328
48303
48296
48284
48270
48254
48250
48249
48212
48183
48153
48129
48096
48068
48026
48017
47994
47985
47897
47896
47846
47843
47839
47838
47818
47757
47751
47736
47735
47732
47725
47713
47669
47648
47598
47596
47579
47568
47543
47540
47516
47478
47460
47442
47422
47418
47404
47400
47384
47370
47363
47346
47298
47291
47284
47277
47260
47237
47213
47189
47183
47180
47170
47145
47143
47124
47120
47111
47094
47060
46952
46947
46938
46891
46844
46840
46834
46799
46780
46768
46765
46741
46662
46647
46630
46623
46613
46606
46597
46595
46588
46575
46567
46545
46514
46508
46457
46446
46425
46334
46322
46303
46289
46272
46270
46256
46247
46232
46182
46180
46161
46119
46097
46035
46028
46012
45958
45933
45925
45922
45918
45900
45896
45883
45881
45879
45877
45852
45813
45808
45804
45786
45750
45741
45732
45699
45671
45664
45655
45616
45612
45598
45589
45547
45544
45528
45497
45487
45482
45477
45453
45446
45420
45407
45386
45366
45350
45348
45342
45339
45304
45244
45231
45202
45195
45193
45180
45152
45146
45141
45110
45109
45102
45060
45047
45045
45043
45038
45032
45029
44987
44982
44981
44967
44944
44933
44929
44921
44903
44899
44895
44892
44868
44856
44840
44828
44807
44786
44729
44726
44712
44709
44637
44630
44629
44605
44510
44475
44397
44384
44379
44374
44371
44369
44343
44296
44256
44245
44230
44206
44172
44170
44137
44118
44101
44083
43969
43966
43948
43931
43888
43838
43809
43760
43739
43728
43727
43719
43714
43703
43694
43642
43624
43609
43550
43495
43467
43413
43393
43389
43368
43335
43321
43313
43215
43202
43166
43159
43155
43146
43136
43117
43091
43090
43088
43084
43081
43050
43018
43009
42999
42952
42925
42904
42900
42881
42875
42872
42847
42845
42841
42819
42813
42790
42757
42746
42705
42700
42691
42674
42658
42645
42635
42608
42554
42531
42514
42503
42437
42429
42378
42355
42311
42299
42289
42272
42266
42226
42223
42211
42195
42153
42135
42081
42080
42040
42023
42004
41997
41968
41950
41940
41926
41923
41904
41885
41879
41862
41836
41835
41829
41822
41794
41784
41762
41748
41747
41710
41704
41688
41675
41668
41657
41653
41652
41639
41635
41569
41539
41521
41496
41474
41472
41460
41438
41423
41368
41357
41333
41303
41284
41265
41174
41169
41121
41046
41023
41020
41001
40993
40978
40962
40927
40901
40887
40878
40870
40868
40845
40814
40803
40784
40782
40772
40735
40709
40665
40657
40648
40608
40604
40551
40540
40527
40513
40488
40439
40426
40399
40388
40367
40366
40353
40342
40316
40315
40264
40262
40256
40249
40243
40219
40216
40201
40187
40162
40150
40141
40140
40097
40082
40057
40027
40017
39991
39987
39981
39934
39930
39910
39865
39864
39823
39816
39787
39756
39721
39719
39698
39692
39691
39653
39646
39641
39639
39616
39595
39591
39589
39516
39495
39472
39471
39452
39449
39434
39417
39390
39389
39379
39347
39333
39323
39292
39283
39203
39196
39183
39171
39153
39125
39113
39100
39072
39069
39056
39025
39018
39011
39005
38997
38993
38986
38980
38948
38947
38938
38927
38908
38905
38900
38851
38829
38795
38787
38785
38760
38758
38750
38706
38634
38628
38602
38595
38591
38578
38549
38548
38546
38543
38487
38479
38441
38429
38426
38379
38372
38351
38317
38280
38275
38252
38229
38128
38125
38110
38109
38105
38099
38093
38049
37994
37982
37968
37934
37932
37928
37919
37842
37840
37830
37827
37825
37822
37801
37791
37768
37705
37701
37688
37674
37672
37661
37659
37655
37613
37609
37608
37588
37574
37570
37556
37531
37474
37464
37460
37457
37449
37421
37410
37407
37359
37355
37327
37321
37318
37296
37288
37277
37274
37272
37268
37267
37244
37188
37176
37173
37135
37125
37097
37060
37018
36909
36900
36886
36860
36839
36762
36760
36737
36686
36666
36649
36644
36574
36572
36499
36491
36486
36435
36430
36424
36408
36393
36373
36352
36335
36312
36280
36249
36244
36239
36231
36160
36150
36127
36025
35978
35946
35941
35913
35860
35835
35833
35824
35820
35819
35815
35801
35782
35771
35769
35736
35720
35691
35646
35608
35574
35569
35556
35546
35511
35483
35454
35450
35444
35371
35355
35333
35332
35325
35305
35304
35286
35274
35211
35151
35112
35099
35073
35062
35054
35004
34982
34975
34964
34958
34946
34903
34895
34867
34784
34731
34697
34661
34646
34640
34630
34614
34608
34600
34593
34584
34546
34510
34494
34490
34440
34361
34357
34338
34330
34260
34252
34227
34216
34196
34192
34188
34186
34174
34172
34146
34107
34100
34082
34062
34057
34046
34026
34002
33978
33942
33907
33891
33873
33871
33864
33860
33855
33817
33734
33731
33714
33689
33679
33677
33657
33656
33654
33606
33572
33564
33527
33492
33487
33484
33455
33392
33359
33335
33227
33218
33204
33203
33177
33174
33173
33165
33158
33148
33125
33118
33103
33075
33074
33061
33058
33057
33047
33025
32947
32939
32936
32935
32919
32910
32902
32896
32871
32864
32854
32833
32830
32787
32751
32740
32726
32713
32712
32700
32699
32696
32684
32635
32599
32589
32557
32540
32528
32525
32517
32516
32508
32505
32504
32493
32469
32449
32416
32387
32386
32348
32341
32322
32321
32298
32296
32261
32256
32233
32164
32152
32146
32134
32114
32107
32091
32075
32059
32014
31994
31989
31988
31927
31920
31908
31891
31846
31844
31836
31832
31794
31779
31764
31750
31744
31723
31707
31655
31646
31639
31635
31629
31620
31579
31571
31510
31502
31488
31419
31410
31330
31319
31313
31272
31250
31236
31231
31227
31217
31205
31181
31143
31141
31131
31126
31046
31036
30976
30965
30959
30914
30902
30881
30874
30860
30853
30840
30831
30818
30780
30779
30755
30728
30702
30678
30657
30651
30558
30557
30542
30536
30491
30482
30480
30446
30422
30420
30407
30404
30395
30355
30349
30340
30305
30304
30301
30280
30263
30248
30247
30209
30143
30127
30121
30097
30090
30072
30071
30065
30063
30027
30000
29991
29967
29948
29944
29943
29934
29866
29854
29853
29836
29833
29829
29809
29796
29722
29721
29715
29702
29692
29646
29631
29611
29592
29563
29498
29489
29486
29416
29405
29388
29347
29325
29314
29285
29282
29271
29242
29236
29233
29230
29212
29192
29175
29160
29159
29155
29111
29080
29053
29047
29029
28963
28941
28866
28836
28746
28734
28726
28715
28706
28705
28692
28684
28659
28657
28654
28645
28635
28624
28618
28597
28564
28528
28458
28455
28411
28399
28397
28335
28300
28285
28277
28244
28211
28200
28186
28174
28153
28104
28068
28061
28007
27996
27917
27876
27869
27868
27813
27768
27761
27760
27744
27710
27691
27682
27679
27674
27673
27645
27644
27642
27639
27634
27618
27607
27590
27587
27583
27582
27565
27563
27555
27516
27491
27477
27460
27443
27400
27392
27388
27380
27370
27349
27343
27249
27211
27186
27145
27133
27119
27079
27071
27024
26984
26979
26967
26947
26914
26908
26903
26882
26875
26868
26841
26834
26831
26821
26814
26808
26796
26785
26782
26758
26719
26696
26695
26671
26647
26645
26624
26599
26576
26543
26539
26537
26527
26515
26506
26479
26431
26427
26424
26414
26397
26395
26390
26387
26358
26330
26324
26304
26293
26264
26261
26254
26252
26251
26241
26151
26136
26083
26059
26057
26037
26029
26022
25953
25884
25881
25871
25826
25779
25778
25761
25752
25729
25665
25657
25653
25648
25646
25617
25609
25596
25574
25567
25562
25561
25519
25448
25443
25420
25408
25407
25371
25369
25367
25361
25357
25317
25263
25247
25230
25206
25197
25146
25139
25102
25087
25082
25069
25059
25047
24994
24967
24909
24893
24812
24806
24804
24787
24778
24775
24738
24672
24668
24667
24645
24620
24607
24586
24583
24579
24574
24572
24562
24555
24544
24529
24525
24477
24465
24459
24452
24428
24409
24392
24368
24333
24324
24299
24279
24270
24253
24239
24238
24202
24179
24156
24132
24059
24054
24025
24003
23996
23944
23943
23942
23929
23926
23892
23870
23863
23832
23822
23820
23812
23784
23783
23763
23661
23657
23629
23628
23623
23572
23514
23508
23491
23465
23457
23456
23448
23409
23408
23382
23377
23369
23361
23343
23323
23277
23276
23275
23265
23263
23213
23180
23178
23161
23146
23085
23082
23081
23063
23059
23043
23021
23013
23003
22967
22966
22929
22857
22854
22847
22833
22830
22828
22825
22810
22806
22760
22698
22657
22633
22629
22621
22587
22562
22549
22524
22493
22478
22431
22420
22415
22402
22398
22366
22363
22356
22349
22342
22315
22279
22258
22237
22205
22190
22169
22153
22100
22061
22052
22045
22020
22008
22002
21999
21974
21939
21918
21904
21894
21893
21844
21832
21824
21784
21740
21733
21715
21667
21646
21619
21615
21569
21507
21446
21444
21442
21435
21422
21406
21398
21348
21329
21284
21283
21260
21140
21070
21066
21065
21041
21022
20991
20967
20964
20958
20918
20916
20898
20880
20856
20833
20820
20800
20776
20762
20741
20734
20721
20715
20681
20662
20650
20622
20615
20604
20591
20586
20584
20559
20509
20504
20437
20427
20399
20357
20338
20334
20329
20321
20316
20309
20303
20265
20253
20245
20243
20213
20204
20193
20192
20177
20173
20166
20147
20107
20063
20059
20011
19969
19951
19937
19917
19916
19904
19901
19889
19857
19855
19840
19797
19756
19743
19688
19673
19649
19645
19614
19612
19599
19589
19555
19506
19492
19491
19486
19459
19449
19444
19403
19384
19377
19358
19351
19326
19291
19283
19220
19215
19188
19104
19098
19067
19041
19012
19000
18959
18913
18896
18889
18885
18878
18844
18825
18778
18755
18731
18688
18678
18643
18640
18619
18597
18582
18563
18529
18515
18505
18483
18479
18476
18449
18397
18386
18376
18364
18330
18260
18259
18254
18228
18196
18187
18127
18123
18112
18105
18090
18065
18058
18000
17968
17967
17964
17961
17902
17893
17890
17862
17861
17846
17843
17842
17806
17804
17739
17738
17733
17705
17703
17652
17586
17584
17577
17551
17500
17447
17442
17431
17430
17411
17396
17383
17374
17371
17356
17324
17295
17283
17268
17240
17238
17231
17222
17150
17140
17139
17107
17052
17051
17048
17010
16996
16983
16977
16960
16923
16877
16864
16858
16846
16838
16829
16823
16775
16766
16763
16743
16730
16711
16709
16697
16688
16674
16667
16630
16614
16584
16526
16511
16496
16464
16420
16390
16376
16357
16305
16295
16276
16269
16208
16204
16162
16117
16110
16109
16101
16071
16063
16030
15986
15978
15935
15919
15910
15905
15870
15847
15829
15775
15748
15722
15707
15663
15659
15645
15604
15596
15575
15484
15477
15464
15455
15433
15429
15374
15372
15326
15323
15288
15285
15266
15262
15206
15167
15152
15116
15106
15091
15078
15063
15051
15046
14996
14979
14978
14973
14967
14959
14938
14910
14885
14869
14799
14797
14793
14788
14741
14739
14713
14694
14658
14634
14559
14553
14541
14526
14512
14492
14483
14477
14454
14453
14441
14423
14406
14379
14359
14352
14318
14310
14303
14301
14288
14260
14248
14209
14205
14169
14117
14109
14099
14096
14086
14057
14024
13978
13975
13954
13951
13925
13919
13895
13872
13852
13830
13825
13798
13794
13729
13705
13699
13673
13667
13631
13612
13611
13533
13529
13514
13504
13498
13491
13484
13468
13458
13423
13415
13414
13413
13397
13342
13332
13316
13308
13283
13266
13245
13237
13234
13231
13226
13220
13207
13199
13193
13179
13155
13152
13149
13141
13129
13095
13087
13072
13055
13036
13030
12931
12919
12893
12892
12891
12883
12874
12857
12850
12835
12833
12813
12670
12668
12647
12640
12617
12588
12567
12535
12528
12475
12457
12407
12394
12392
12386
12366
12309
12290
12287
12267
12230
12225
12196
12178
12144
12122
12095
12071
12066
12032
11999
11981
11931
11928
11919
11910
11860
11846
11841
11818
11789
11775
11756
11737
11732
11718
11697
11685
11683
11664
11632
11602
11582
11550
11515
11455
11454
11436
11420
11418
11376
11300
11290
11270
11264
11175
11158
11156
11146
11117
11103
11049
11047
11032
11000
10986
10976
10973
10945
10937
10897
10855
10815
10803
10801
10789
10782
10766
10753
10750
10735
10622
10568
10536
10532
10501
10478
10477
10462
10434
10399
10370
10365
10348
10280
10278
10268
10259
10247
10202
10191
10187
10122
10105
10079
10074
10056
10038
10004
9990
9956
9952
9949
9935
9821
9777
9765
9762
9734
9733
9726
9715
9682
9664
9648
9636
9596
9556
9530
9505
9489
9487
9440
9397
9390
9370
9327
9326
9297
9282
9281
9266
9262
9254
9247
9243
9237
9209
9169
9151
9125
9122
9116
9106
9098
9085
9064
9031
9026
9022
8997
8950
8925
8921
8913
8912
8883
8867
8845
8814
8749
8723
8722
8710
8707
8703
8668
8666
8651
8647
8646
8637
8624
8609
8602
8578
8555
8550
8548
8546
8537
8524
8514
8477
8464
8441
8415
8413
8400
8389
8299
8274
8249
8234
8225
8216
8210
8186
8168
8069
8066
8061
8041
7963
7941
7885
7869
7858
7836
7821
7816
7769
7765
7737
7713
7686
7675
7664
7663
7658
7612
7606
7598
7593
7469
7460
7421
7411
7409
7399
7386
7347
7343
7339
7327
7283
7281
7267
7266
7247
7244
7242
7235
7216
7160
7139
7107
7077
7066
7053
7043
7036
7020
7002
6974
6972
6959
6947
6945
6858
6844
6836
6735
6729
6725
6713
6655
6630
6621
6607
6605
6595
6556
6537
6524
6514
6508
6472
6457
6439
6421
6417
6395
6374
6370
6319
6313
6309
6282
6267
6264
6241
6216
6210
6200
6185
6128
6090
6079
6063
6061
6054
6034
6030
5993
5992
5974
5953
5931
5912
5909
5907
5885
5866
5847
5844
5824
5817
5800
5754
5745
5734
5721
5705
5683
5680
5646
5623
5593
5528
5517
5509
5488
5457
5410
5408
5376
5375
5353
5341
5325
5306
5273
5257
5253
5237
5219
5211
5191
5188
5187
5166
5153
5127
5121
5096
5077
5064
5018
5012
4984
4943
4939
4906
4889
4868
4855
4852
4793
4784
4774
4726
4660
4649
4624
4607
4586
4563
4523
4514
4499
4487
4478
4447
4389
4365
4349
4293
4275
4265
4201
4185
4148
4140
4131
4124
4114
4098
4085
4076
4074
4062
4060
4040
4007
3985
3984
3959
3952
3930
3906
3892
3886
3858
3844
3798
3775
3757
3714
3676
3674
3673
3669
3642
3638
3631
3628
3625
3602
3589
3549
3520
3510
3506
3501
3496
3494
3444
3395
3367
3361
3318
3316
3277
3276
3258
3237
3219
3204
3191
3123
3118
3096
3070
3023
3008
2985
2970
2956
2928
2926
2917
2906
2898
2897
2892
2891
2859
2841
2795
2791
2737
2734
2732
2730
2720
2718
2710
2638
2581
2573
2517
2466
2465
2461
2444
2442
2408
2397
2383
2381
2366
2354
2287
2277
2274
2249
2206
2180
2153
2148
2144
2115
2095
2075
2052
2045
1964
1956
1931
1917
1899
1861
1851
1848
1833
1786
1722
1678
1613
1537
1525
1503
1486
1450
1429
1426
1413
1404
1387
1359
1352
1333
1331
1299
1298
1285
1284
1262
1251
1241
1231
1203
1178
1173
1167
1145
1134
1131
1062
1022
999
989
969
934
910
877
864
861
844
821
783
723
699
687
682
672
603
562
558
549
542
535
523
496
488
440
436
379
367
356
335
207
201
199
194
192
181
177
172
122
112
107
62
61
50
23
15
41
55
60
64
66
74
75
80
95
112
124
250
252
261
283
284
290
304
355
365
382
397
398
406
414
446
457
483
486
547
558
563
585
631
660
665
668
687
707
727
738
750
785
803
814
820
895
925
932
962
966
970
989
1019
1052
1059
1069
1074
1141
1147
1194
1208
1259
1276
1311
1344
1379
1400
1409
1414
1467
1483
1518
1539
1622
1677
1692
1734
1736
1747
1759
1760
1793
1831
1859
1861
1872
1877
1905
1923
1962
2003
2011
2041
2061
2067
2074
2097
2116
2121
2128
2138
2160
2186
2202
2209
2216
2228
2263
2294
2295
2308
2313
2332
2364
2373
2413
2426
2436
2444
2448
2475
2513
2515
2546
2587
2599
2642
2666
2673
2683
2684
2723
2744
2746
2760
2761
2885
2893
2898
2944
2946
2953
2958
2973
2976
2990
2997
3041
3059
3109
3114
3120
3134
3135
3171
3176
3183
3203
3206
3211
3217
3237
3248
3264
3277
3287
3299
3328
3333
3367
3373
3408
3422
3427
3439
3440
3476
3478
3480
3506
3515
3524
3537
3543
3565
3579
3602
3607
3620
3623
3630
3634
3667
3675
3723
3727
3741
3760
3785
3812
3826
3849
3857
3860
3863
3924
3940
3954
3991
4007
4012
4023
4024
4026
4048
4049
4107
4157
4215
4242
4248
4271
4303
4304
4443
4448
4490
4496
4510
4530
4566
4594
4604
4620
4632
4659
4662
4674
4677
4696
4700
4736
4757
4758
4799
4819
4895
4903
4918
4928
4953
4996
5020
5027
5035
5084
5165
5197
5254
5257
5277
5308
5342
5360
5412
5433
5435
5439
5446
5453
5454
5467
5482
5496
5506
5524
5539
5543
5556
5566
5571
5574
5578
5580
5594
5598
5660
5667
5691
5698
5752
5753
5754
5763
5775
5778
5784
5793
5812
5813
5814
5817
5820
5830
5849
5853
5879
5920
5921
5931
5933
5956
5984
5996
6061
6108
6113
6123
6140
6159
6209
6236
6253
6266
6281
6309
6315
6326
6334
6344
6366
6397
6415
6451
6460
6515
6533
6572
6612
6645
6652
6665
6707
6766
6768
6776
6809
6812
6832
6855
6886
6893
6910
6939
6977
6994
7005
7015
7017
7045
7060
7090
7105
7120
7218
7271
7282
7291
7343
7346
7384
7399
7403
7410
7443
7477
7490
7491
7504
7520
7579
7595
7626
7650
7656
7657
7685
7693
7775
7797
7813
7854
7871
7930
7932
7944
7972
7978
8008
8028
8049
8054
8106
8130
8147
8149
8163
8170
8198
8200
8243
8249
8279
8289
8301
8315
8321
8364
8387
8399
8422
8464
8469
8470
8484
8512
8559
8562
8563
8565
8584
8644
8653
8661
8680
8683
8691
8698
8700
8704
8763
8780
8845
8858
8885
8904
8909
8932
8953
8976
8980
8993
8999
9016
9019
9036
9048
9049
9051
9061
9069
9084
9115
9119
9156
9177
9183
9195
9218
9246
9262
9281
9283
9285
9350
9361
9408
9446
9462
9473
9512
9526
9549
9562
9571
9584
9600
9606
9640
9641
9687
9757
9767
9785
9793
9807
9811
9845
9869
9872
9879
9891
9915
9920
9943
9944
9950
9955
9958
9970
10012
10018
10027
10054
10066
10068
10076
10096
10100
10132
10139
10148
10167
10211
10217
10270
10281
10287
10291
10312
10320
10326
10329
10346
10349
10367
10375
10393
10400
10417
10430
10442
10489
10494
10514
10517
10543
10575
10644
10649
10673
10675
10690
10740
10753
10760
10768
10773
10794
10815
10821
10832
10845
10856
10862
10874
10888
10890
10923
10957
10959
10970
10978
11014
11028
11029
11063
11110
11113
11137
11155
11169
11184
11202
11216
11225
11259
11389
11408
11417
11420
11494
11508
11514
11515
11529
11533
11569
11600
11624
11635
11674
11725
11726
11733
11744
11822
11827
11846
11847
11855
11862
11906
11916
11957
11985
11989
12028
12029
12046
12121
12125
12137
12147
12167
12268
12269
12275
12305
12336
12355
12411
12417
12424
12439
12453
12470
12532
12553
12613
12642
12654
12681
12693
12773
12852
12892
12908
12923
12950
12972
13013
13022
13027
13056
13068
13075
13080
13125
13146
13162
13164
13218
13231
13266
13273
13279
13338
13348
13358
13370
13380
13399
13420
13425
13434
13450
13499
13505
13513
13568
13578
13591
13603
13612
13618
13662
13743
13745
13768
13774
13787
13807
13917
13921
13930
13943
13969
13978
13980
13985
13994
14029
14049
14087
14094
14105
14141
14216
14219
14258
14276
14288
14290
14305
14326
14336
14348
14355
14356
14358
14365
14384
14393
14441
14457
14494
14536
14548
14559
14570
14581
14613
14618
14619
14623
14626
14627
14635
14642
14649
14692
14707
14727
14766
14771
14819
14839
14876
14880
14967
14975
14981
15036
15053
15058
15063
15129
15130
15170
15209
15261
15303
15433
15503
15529
15552
15568
15596
15614
15631
15632
15636
15638
15642
15689
15711
15735
15743
15746
15797
15805
15812
15845
15851
15858
15870
15890
15919
15939
15942
15945
15964
15981
16001
16014
16026
16037
16061
16067
16087
16093
16107
16113
16134
16150
16199
16205
16208
16242
16248
16255
16302
16323
16324
16351
16382
16401
16418
16450
16454
16519
16535
16577
16601
16622
16627
16633
16666
16670
16678
16719
16733
16745
16747
16770
16774
16802
16821
16846
16853
16854
16868
16871
16882
16883
16930
16932
16934
16935
16996
17049
17071
17083
17094
17108
17138
17202
17221
17235
17266
17294
17313
17324
17325
17341
17389
17448
17456
17473
17474
17514
17518
17561
17580
17588
17606
17706
17709
17720
17732
17733
17734
17764
17795
17797
17859
17877
17903
17912
17913
17915
17926
17974
17977
17988
18007
18008
18029
18033
18038
18041
18059
18066
18075
18079
18209
18261
18271
18292
18333
18336
18341
18349
18374
18376
18381
18396
18421
18423
18490
18494
18506
18541
18542
18545
18547
18551
18564
18568
18577
18589
18591
18633
18664
18666
18721
18733
18735
18738
18741
18749
18763
18769
18778
18814
18817
18846
18860
18874
18914
18945
18964
18977
18984
19005
19014
19032
19051
19091
19092
19117
19123
19126
19131
19145
19202
19211
19238
19260
19279
19324
19325
19330
19343
19362
19375
19428
19437
19441
19456
19483
19511
19524
19525
19545
19550
19593
19622
19708
19713
19735
19738
19742
19743
19746
19758
19765
19797
19798
19816
19834
19853
19860
19869
19880
19905
19919
19934
20024
20035
20041
20094
20096
20108
20167
20177
20179
20191
20207
20242
20331
20351
20403
20425
20446
20456
20475
20493
20496
20517
20525
20532
20538
20579
20580
20641
20658
20679
20683
20699
20726
20802
20833
20885
20889
20910
20911
20976
20979
20994
21016
21077
21083
21094
21101
21102
21120
21126
21135
21158
21177
21188
21230
21259
21310
21322
21337
21344
21348
21359
21421
21431
21463
21469
21509
21513
21566
21593
21605
21792
21841
21862
21900
21902
21906
21924
21937
21950
21986
21995
22075
22090
22091
22097
22123
22137
22155
22172
22188
22202
22218
22239
22249
22259
22271
22293
22297
22318
22349
22373
22374
22423
22434
22440
22442
22449
22502
22508
22522
22548
22558
22559
22604
22621
22643
22668
22707
22720
22756
22763
22765
22802
22806
22818
22834
22872
22905
22930
23009
23136
23158
23198
23246
23252
23277
23295
23318
23338
23377
23386
23405
23423
23438
23462
23483
23485
23517
23518
23525
23529
23584
23611
23614
23639
23667
23682
23699
23703
23718
23740
23790
23821
23829
23835
23857
23883
23925
23961
23968
24011
24054
24083
24103
24109
24111
24153
24160
24162
24165
24169
24185
24212
24220
24242
24261
24264
24341
24360
24375
24377
24431
24438
24514
24542
24556
24568
24616
24645
24689
24714
24722
24728
24742
24800
24817
24828
24847
24856
24869
24874
24901
24944
24953
24969
25025
25045
25052
25107
25108
25152
25166
25191
25193
25199
25207
25223
25239
25241
25242
25271
25282
25283
25351
25382
25427
25444
25461
25495
25498
25499
25533
25585
25608
25628
25634
25637
25642
25667
25679
25699
25704
25731
25737
25763
25811
25828
25892
25969
25971
25980
25995
26018
26056
26063
26083
26101
26107
26113
26120
26122
26145
26153
26174
26175
26183
26237
26250
26296
26322
26342
26383
26384
26390
26392
26418
26422
26458
26463
26484
26541
26572
26607
26613
26618
26631
26698
26708
26709
26729
26733
26761
26774
26828
26830
26836
26841
26844
26851
26862
26888
26900
26908
26914
26922
26933
26976
26978
26984
27008
27012
27065
27097
27121
27137
27140
27156
27201
27209
27217
27228
27235
27237
27242
27265
27276
27303
27317
27322
27354
27355
27390
27396
27414
27439
27441
27508
27561
27580
27581
27590
27625
27626
27634
27683
27698
27699
27703
27710
27713
27723
27763
27792
27913
27930
27947
27957
27966
27971
28007
28012
28031
28039
28057
28058
28085
28092
28116
28138
28174
28209
28236
28258
28273
28347
28376
28386
28444
28451
28488
28526
28547
28615
28634
28661
28663
28673
28716
28730
28771
28809
28811
28834
28898
28903
28943
28954
28971
29037
29083
29095
29129
29140
29150
29154
29158
29181
29182
29193
29199
29203
29250
29281
29299
29328
29398
29410
29417
29425
29458
29461
29471
29475
29480
29502
29505
29521
29529
29538
29548
29554
29562
29626
29638
29660
29663
29673
29697
29699
29792
29802
29812
29850
29899
29917
29923
29925
29929
29953
30022
30065
30066
30068
30089
30124
30193
30198
30215
30223
30224
30234
30275
30291
30292
30339
30354
30366
30375
30423
30434
30436
30440
30442
30514
30524
30529
30537
30559
30589
30607
30702
30742
30792
30841
30845
30872
30881
30886
30901
30910
30924
30931
30962
30979
30992
30993
31020
31067
31100
31189
31195
31210
31224
31264
31301
31316
31321
31353
31356
31404
31462
31463
31466
31516
31541
31548
31552
31576
31579
31595
31607
31650
31656
31671
31687
31755
31761
31786
31787
31806
31825
31874
31876
31904
31923
31927
31950
31959
31966
31975
31982
31983
31991
31997
32048
32057
32111
32129
32133
32252
32260
32270
32282
32301
32318
32356
32367
32382
32397
32406
32418
32451
32465
32542
32545
32595
32623
32631
32757
32793
32801
32838
32851
32862
32869
32878
32893
32922
32946
32947
32962
32980
32993
33001
33002
33013
33036
33046
33067
33071
33088
33103
33205
33220
33225
33297
33320
33333
33341
33360
33363
33367
33373
33378
33396
33427
33429
33448
33463
33473
33537
33547
33549
33551
33608
33613
33643
33645
33646
33668
33686
33703
33734
33750
33758
33783
33786
33814
33836
33848
33889
33935
33937
33949
33971
34004
34006
34021
34031
34076
34089
34091
34102
34105
34139
34163
34164
34172
34216
34273
34325
34338
34345
34348
34356
34371
34373
34386
34395
34397
34419
34423
34454
34479
34500
34509
34543
34551
34610
34645
34647
34696
34712
34717
34730
34742
34758
34764
34794
34800
34839
34863
34898
34900
34916
34926
34934
34960
34968
35013
35035
35047
35070
35090
35095
35128
35130
35141
35190
35191
35275
35277
35300
35345
35400
35403
35418
35431
35449
35452
35453
35455
35460
35465
35472
35487
35515
35516
35520
35523
35539
35558
35596
35599
35625
35638
35653
35658
35660
35664
35688
35690
35697
35704
35743
35792
35793
35802
35812
35836
35871
35877
35890
35896
35906
35920
35922
35924
35953
35974
35998
36038
36054
36077
36102
36103
36107
36144
36176
36188
36195
36198
36249
36254
36261
36267
36273
36281
36287
36298
36317
36332
36341
36351
36362
36410
36425
36430
36454
36461
36501
36502
36526
36528
36585
36592
36596
36606
36608
36633
36650
36676
36731
36734
36796
36798
36827
36834
36863
36869
36871
36881
36918
36942
36959
36961
36965
37001
37009
37025
37052
37078
37084
37097
37110
37116
37122
37147
37216
37225
37238
37261
37262
37305
37306
37309
37332
37352
37364
37411
37433
37437
37443
37458
37474
37502
37524
37542
37549
37563
37567
37568
37583
37596
37617
37633
37640
37697
37702
37714
37721
37723
37742
37752
37764
37784
37851
37890
37916
37919
37943
37956
37975
37997
38010
38028
38029
38044
38049
38060
38098
38123
38134
38137
38143
38150
38163
38170
38191
38209
38213
38215
38217
38224
38300
38388
38397
38416
38459
38463
38476
38481
38536
38569
38577
38587
38648
38664
38686
38699
38724
38726
38766
38797
38799
38825
38845
38847
38909
38946
38948
39010
39016
39020
39044
39047
39077
39079
39089
39102
39104
39112
39130
39142
39143
39145
39146
39147
39165
39201
39208
39231
39318
39327
39342
39350
39358
39363
39369
39376
39381
39482
39539
39543
39575
39582
39615
39633
39648
39672
39678
39713
39720
39766
39803
39846
39854
39858
39863
39871
39873
39905
39931
40010
40014
40015
40017
40053
40065
40070
40108
40109
40136
40137
40143
40156
40175
40195
40200
40211
40219
40247
40319
40345
40418
40475
40482
40509
40519
40538
40555
40559
40579
40606
40608
40609
40635
40646
40672
40706
40719
40748
40803
40816
40827
40835
40852
40853
40885
40903
40911
40943
40948
40962
41001
41012
41028
41040
41067
41079
41102
41106
41150
41197
41228
41271
41329
41356
41358
41378
41387
41389
41399
41432
41435
41440
41493
41541
41558
41572
41628
41651
41655
41666
41725
41739
41746
41748
41785
41831
41854
41865
41870
41884
41903
41976
41977
41991
41994
42022
42023
42058
42062
42071
42117
42136
42163
42172
42198
42213
42229
42297
42307
42325
42377
42423
42428
42436
42461
42465
42495
42501
42503
42510
42536
42543
42549
42550
42566
42590
42594
42605
42615
42630
42664
42758
42794
42835
42837
42856
42870
42877
42882
42903
42929
42944
42977
42985
43050
43069
43145
43226
43242
43243
43256
43271
43282
43285
43330
43341
43353
43354
43358
43368
43396
43440
43446
43470
43496
43500
43512
43518
43528
43543
43555
43582
43587
43622
43637
43644
43674
43699
43705
43708
43723
43756
43769
43804
43832
43916
43965
43967
43991
44006
44044
44124
44127
44129
44170
44176
44178
44189
44190
44196
44205
44224
44279
44283
44284
44354
44363
44406
44408
44409
44423
44440
44461
44476
44485
44489
44506
44511
44513
44543
44550
44563
44610
44629
44661
44673
44678
44760
44806
44832
44842
44851
44860
44900
44914
44937
44939
44974
45033
45042
45043
45051
45069
45075
45081
45103
45113
45122
45161
45183
45256
45269
45293
45299
45325
45331
45336
45357
45403
45442
45475
45528
45548
45590
45643
45666
45701
45717
45733
45736
45795
45829
45848
45910
45943
45949
45962
45964
45997
45999
46008
46019
46037
46040
46077
46085
46090
46107
46109
46137
46150
46179
46223
46315
46327
46381
46388
46409
46418
46443
46482
46508
46534
46548
46567
46575
46576
46587
46598
46616
46662
46696
46752
46770
46772
46776
46782
46796
46797
46805
46812
46830
46852
46980
46989
46995
47031
47087
47117
47164
47166
47197
47216
47234
47253
47267
47293
47297
47298
47318
47322
47323
47326
47329
47401
47421
47425
47434
47436
47449
47456
47482
47492
47500
47512
47517
47519
47551
47569
47621
47650
47667
47738
47769
47816
47820
47874
47894
47958
47981
48021
48042
48059
48067
48068
48074
48095
48110
48112
48134
48187
48189
48217
48232
48237
48239
48270
48282
48328
48337
48340
48346
48351
48356
48408
48461
48468
48471
48490
48505
48514
48538
48543
48547
48624
48650
48651
48667
48671
48684
48709
48726
48852
48895
48896
48938
48962
48964
48967
48968
48988
49023
49033
49040
49066
49089
49091
49127
49132
49138
49148
49194
49206
49211
49232
49245
49249
49286
49348
49361
49364
49382
49390
49429
49446
49452
49453
49465
49469
49475
49478
49481
49495
49497
49506
49527
49561
49565
49580
49612
49621
49625
49663
49682
49711
49733
49752
49757
49780
49787
49799
49806
49817
49846
49893
49905
49977
49980
49997
50041
50057
50060
50115
50119
50120
50133
50154
50164
50180
50185
50215
50241
50242
50257
50258
50267
50272
50296
50301
50333
50340
50356
50381
50386
50387
50403
50420
50428
50458
50558
50582
50644
50673
50678
50729
50736
50788
50793
50803
50816
50821
50849
50918
50944
50953
50958
51019
51071
51072
51090
51098
51125
51169
51216
51275
51279
51314
51319
51342
51399
51411
51414
51474
51533
51537
51567
51582
51608
51612
51618
51634
51642
51643
51654
51680
51697
51734
51738
51785
51809
51816
51857
51860
51882
51952
51976
51986
51991
52013
52016
52052
52068
52097
52100
52125
52136
52151
52167
52197
52201
52203
52213
52222
52224
52366
52374
52418
52446
52463
52500
52505
52509
52510
52512
52534
52580
52591
52598
52661
52708
52719
52732
52749
52776
52826
52833
52859
52861
52881
52891
52900
52923
52929
52949
52958
53059
53066
53073
53074
53077
53117
53130
53147
53169
53204
53226
53236
53262
53301
53338
53340
53354
53413
53434
53437
53456
53458
53482
53490
53512
53543
53544
53603
53609
53612
53648
53723
53741
53749
53771
53783
53789
53805
53813
53846
53868
53886
53887
53909
53910
53955
53986
53999
54001
54051
54078
54139
54147
54161
54228
54235
54272
54286
54294
54299
54300
54364
54367
54374
54394
54406
54407
54412
54418
54423
54427
54443
54524
54530
54545
54558
54584
54609
54613
54637
54669
54702
54716
54742
54788
54805
54810
54814
54836
54847
54851
54867
54871
54895
54917
54940
54966
54975
55020
55035
55051
55061
55099
55103
55113
55118
55123
55137
55139
55188
55195
55198
55232
55235
55239
55257
55309
55319
55343
55354
55379
55441
55485
55517
55532
55547
55548
55600
55659
55664
55670
55677
55740
55768
55777
55786
55794
55800
55838
55888
55897
55898
55938
55958
56000
56049
56069
56075
56100
56101
56102
56111
56136
56137
56170
56173
56174
56176
56288
56294
56318
56326
56330
56344
56354
56387
56391
56399
56455
56481
56528
56536
56580
56624
56625
56637
56648
56692
56724
56750
56755
56772
56804
56805
56836
56838
56854
56892
56929
56933
56953
57008
57032
57043
57099
57132
57150
57202
57275
57314
57340
57352
57364
57439
57447
57454
57487
57523
57539
57545
57555
57576
57583
57586
57597
57638
57702
57704
57705
57720
57735
57740
57752
57794
57797
57813
57833
57868
57907
57911
57921
57952
57956
57968
57972
57974
58013
58024
58048
58055
58059
58065
58104
58125
58180
58225
58233
58260
58297
58303
58309
58334
58355
58362
58373
58375
58385
58400
58421
58425
58444
58455
58461
58467
58494
58521
58523
58561
58584
58592
58622
58629
58635
58671
58673
58677
58700
58703
58717
58733
58754
58771
58780
58793
58802
58811
58814
58815
58830
58839
58842
58843
58859
58863
58907
58916
58944
59004
59012
59029
59037
59074
59087
59132
59168
59169
59179
59184
59221
59231
59237
59252
59332
59342
59367
59373
59382
59400
59437
59440
59444
59511
59549
59576
59581
59593
59594
59602
59606
59610
59614
59623
59645
59669
59670
59716
59771
59772
59831
59833
59846
59869
59887
59897
59903
59986
60005
60027
60030
60034
60088
60121
60126
60190
60197
60203
60217
60235
60241
60275
60308
60361
60372
60379
60383
60384
60398
60444
60458
60465
60499
60525
60533
60548
60551
60578
60586
60620
60688
60768
60781
60797
60844
60874
60879
60917
60925
60940
60946
60951
60980
60993
61041
61049
61058
61165
61203
61238
61275
61291
61292
61318
61347
61348
61373
61378
61393
61405
61408
61437
61466
61494
61511
61513
61529
61541
61546
61565
61566
61569
61571
61586
61588
61604
61606
61633
61655
61708
61743
61760
61804
61823
61829
61849
61877
61909
61917
61952
61977
61979
61987
62014
62046
62056
62090
62206
62278
62294
62329
62338
62346
62363
62390
62416
62433
62452
62491
62547
62554
62560
62600
62601
62602
62611
62614
62627
62632
62644
62666
62683
62701
62719
62733
62736
62762
62787
62807
62809
62814
62827
62838
62842
62851
62870
62871
62879
62883
62909
62949
62951
62998
62999
63013
63048
63087
63098
63158
63160
63167
63191
63220
63247
63284
63290
63293
63302
63305
63320
63354
63372
63373
63406
63463
63552
63557
63581
63592
63595
63607
63609
63620
63644
63649
63651
63680
63703
63734
63735
63787
63802
63816
63828
63851
63869
63889
63898
63912
63914
63931
64076
64080
64106
64121
64122
64141
64166
64172
64187
64199
64212
64280
64287
64303
64312
64334
64350
64373
64379
64381
64421
64445
64461
64464
64470
64485
64489
64548
64575
64582
64594
64615
64621
64629
64632
64665
64666
64669
64676
64680
64711
64741
64759
64795
64823
64866
64868
64908
64940
64945
64959
64963
64988
65020
65038
65055
65056
65078
65082
65087
65088
65105
65122
65142
65168
65189
65199
65211
65214
65232
65254
65267
65271
65275
65285
65301
65329
65365
65412
65428
65436
65511
65534
65580
65597
65607
65616
65620
65636
65675
65678
65692
65720
65750
65816
65824
65850
65869
65873
65884
65977
65992
66013
66038
66077
66078
66091
66097
66100
66122
66127
66131
66146
66160
66177
66180
66186
66220
66234
66236
66244
66254
66258
66261
66262
66342
66357
66370
66378
66379
66382
66383
66434
66504
66516
66526
66588
66609
66618
66619
66626
66654
66669
66678
66680
66727
66771
66772
66773
66783
66827
66869
66876
66908
66922
66928
66970
66971
66980
67004
67024
67042
67055
67068
67094
67095
67170
67182
67183
67199
67203
67254
67255
67258
67264
67265
67266
67322
67326
67329
67387
67397
67413
67441
67460
67497
67513
67524
67548
67556
67603
67627
67650
67652
67700
67708
67741
67747
67762
67763
67805
67816
67837
67839
67862
67879
67891
67895
67925
67947
67964
67980
67987
68020
68024
68073
68105
68113
68171
68175
68182
68199
68237
68272
68289
68296
68308
68311
68312
68317
68351
68354
68371
68406
68410
68418
68439
68493
68495
68510
68566
68570
68590
68594
68617
68717
68776
68797
68813
68823
68853
68861
68875
68912
68920
68922
68952
68973
68975
68988
69020
69024
69027
69029
69038
69045
69058
69071
69089
69129
69132
69174
69176
69184
69188
69194
69223
69237
69244
69254
69260
69267
69293
69300
69314
69344
69389
69404
69412
69435
69461
69482
69497
69516
69521
69540
69564
69577
69590
69666
69698
69725
69730
69731
69732
69745
69763
69764
69791
69828
69833
69924
69949
69954
69956
69962
70003
70015
70024
70030
70084
70107
70137
70170
70180
70208
70236
70249
70253
70280
70285
70296
70320
70327
70375
70377
70400
70420
70491
70495
70513
70528
70538
70539
70580
70602
70628
70634
70635
70638
70642
70652
70653
70670
70680
70700
70726
70730
70740
70744
70753
70761
70809
70822
70840
70892
70894
70917
70936
70963
70965
71000
71012
71016
71023
71062
71133
71142
71175
71176
71182
71193
71208
71221
71292
71324
71332
71359
71365
71425
71435
71451
71460
71493
71496
71524
71574
71584
71585
71651
71669
71771
71784
71791
71809
71866
71867
71937
71941
71954
71961
71980
71984
71987
71998
72025
72072
72078
72093
72105
72135
72139
72153
72156
72166
72186
72200
72218
72231
72239
72257
72258
72289
72292
72297
72298
72299
72305
72320
72336
72340
72345
72392
72415
72435
72462
72482
72510
72514
72518
72531
72553
72561
72588
72633
72649
72652
72656
72662
72667
72672
72697
72706
72895
72899
72964
72974
72976
73015
73029
73056
73063
73078
73096
73110
73113
73147
73154
73177
73208
73217
73229
73237
73265
73287
73306
73332
73364
73367
73397
73398
73432
73443
73471
73478
73495
73528
73590
73591
73628
73637
73644
73662
73700
73707
73711
73745
73809
73813
73842
73845
73870
73885
73911
73915
73925
73972
73985
74019
74035
74065
74082
74107
74115
74163
74191
74208
74231
74241
74245
74255
74288
74304
74325
74334
74340
74353
74362
74373
74390
74405
74413
74449
74452
74484
74486
74487
74500
74530
74551
74580
74601
74628
74654
74688
74691
74697
74701
74780
74783
74785
74786
74793
74817
74821
74879
74882
74884
74889
74893
74894
74901
74919
74920
74949
74951
74957
74959
74991
75010
75052
75067
75105
75129
75153
75219
75253
75266
75326
75354
75386
75445
75533
75561
75567
75617
75650
75672
75677
75678
75695
75703
75736
75738
75740
75743
75793
75831
75841
75844
75881
75924
75929
75968
75969
75979
75998
76006
76012
76052
76061
76152
76163
76172
76173
76178
76179
76211
76241
76285
76354
76374
76392
76409
76434
76471
76494
76507
76519
76543
76573
76589
76598
76613
76623
76635
76644
76656
76657
76661
76668
76721
76729
76749
76764
76777
76804
76851
76873
76900
76908
76918
76991
77004
77005
77018
77036
77049
77111
77122
77126
77159
77174
77183
77189
77194
77214
77223
77236
77269
77318
77331
77350
77364
77422
77445
77459
77478
77481
77485
77553
77565
77573
77602
77603
77622
77629
77631
77642
77661
77675
77741
77788
77827
77844
77915
77921
77946
77970
77976
77993
78049
78064
78069
78082
78100
78115
78126
78130
78149
78179
78216
78259
78275
78280
78296
78310
78366
78375
78456
78495
78507
78523
78560
78569
78589
78600
78604
78692
78725
78750
78761
78788
78803
78806
78810
78819
78857
78887
78920
78925
78954
78973
78999
79009
79012
79022
79042
79052
79057
79080
79093
79095
79118
79124
79161
79162
79185
79201
79215
79256
79266
79287
79294
79324
79328
79399
79406
79415
79420
79425
79429
79451
79452
79543
79577
79644
79646
79660
79702
79707
79727
79738
79746
79749
79750
79751
79791
79876
79880
79881
79901
79980
79989
80038
80044
80079
80083
80102
80107
80109
80169
80171
80211
80223
80228
80282
80335
80396
80415
80430
80433
80459
80462
80507
80515
80522
80552
80569
80575
80580
80584
80618
80651
80652
80653
80662
80712
80718
80719
80745
80762
80765
80766
80781
80796
80798
80799
80825
80827
80864
80894
80916
80951
81019
81025
81042
81048
81052
81119
81195
81202
81223
81224
81234
81249
81258
81274
81308
81313
81364
81370
81407
81422
81464
81468
81480
81482
81511
81517
81589
81602
81617
81618
81644
81673
81674
81684
81710
81728
81729
81766
81780
81784
81794
81827
81830
81851
81853
81860
81874
81876
81890
81894
81923
81933
81938
81960
81966
81968
81998
81999
82002
82015
82032
82043
82045
82109
82128
82130
82140
82141
82167
82177
82197
82198
82229
82237
82244
82322
82338
82343
82347
82353
82373
82377
82380
82399
82408
82416
82442
82478
82500
82508
82534
82540
82611
82624
82644
82651
82663
82668
82671
82676
82684
82685
82697
82724
82741
82750
82752
82765
82770
82775
82781
82791
82859
82863
82867
82902
82964
82974
83073
83149
83155
83159
83171
83178
83181
83191
83196
83238
83244
83248
83255
83274
83277
83279
83287
83297
83326
83328
83352
83364
83368
83372
83379
83391
83414
83418
83420
83454
83459
83468
83509
83523
83589
83606
83661
83662
83663
83672
83696
83700
83704
83706
83725
83728
83732
83739
83790
83794
83826
83827
83849
83852
83863
83889
83910
83921
83981
84016
84030
84048
84050
84058
84070
84072
84074
84083
84102
84117
84126
84175
84209
84259
84268
84274
84317
84318
84350
84354
84388
84389
84400
84411
84443
84462
84476
84478
84566
84567
84570
84584
84604
84626
84628
84636
84649
84671
84677
84686
84732
84737
84744
84779
84781
84788
84789
84798
84800
84816
84824
84830
84902
84923
84937
84941
84945
84962
84967
84986
84988
85035
85044
85051
85092
85187
85237
85242
85254
85260
85262
85275
85301
85309
85312
85332
85358
85412
85432
85457
85475
85480
85545
85589
85599
85610
85680
85696
85703
85782
85843
85937
85941
85947
85951
85952
85971
85974
86005
86039
86041
86047
86060
86065
86080
86105
86122
86133
86139
86149
86154
86190
86227
86245
86324
86338
86383
86421
86426
86442
86470
86475
86516
86525
86546
86600
86608
86674
86675
86685
86686
86718
86719
86765
86777
86821
86834
86838
86875
86884
86906
86922
86929
86941
86973
86997
87022
87027
87054
87056
87100
87134
87161
87167
87215
87220
87293
87302
87327
87328
87395
87447
87452
87490
87524
87544
87549
87558
87583
87584
87664
87723
87725
87732
87771
87801
87809
87821
87827
87852
87863
87866
87868
87883
87889
87893
87904
87952
87953
87989
88056
88071
88077
88092
88096
88113
88114
88132
88171
88182
88219
88246
88291
88319
88334
88338
88360
88397
88400
88455
88468
88475
88478
88515
88524
88528
88530
88537
88562
88566
88591
88614
88633
88634
88655
88705
88712
88721
88728
88762
88783
88799
88802
88820
88846
88873
88929
88936
88981
88986
89047
89051
89053
89068
89079
89086
89092
89103
89113
89116
89121
89122
89124
89138
89140
89153
89317
89344
89351
89374
89396
89417
89433
89452
89468
89472
89488
89493
89503
89546
89551
89552
89562
89629
89634
89678
89718
89729
89735
89751
89754
89778
89784
89832
89856
89860
89871
89902
89912
89927
89999
90012
90031
90034
90055
90060
90095
90097
90105
90129
90131
90146
90162
90240
90242
90254
90263
90284
90289
90318
90323
90324
90344
90347
90352
90386
90392
90406
90453
90456
90480
90482
90483
90487
90501
90524
90546
90573
90587
90602
90604
90637
90678
90686
90690
90697
90718
90724
90733
90747
90787
90801
90803
90816
90825
90849
90863
90880
90924
90972
90994
91034
91109
91143
91152
91159
91251
91252
91272
91295
91298
91299
91303
91311
91322
91334
91352
91362
91367
91387
91393
91394
91442
91493
91541
91548
91561
91578
91590
91603
91605
91629
91644
91652
91674
91690
91699
91711
91720
91758
91760
91768
91817
91827
91844
91854
91871
91884
91912
91951
91958
91959
91971
92001
92027
92035
92044
92060
92068
92082
92116
92124
92132
92161
92169
92197
92198
92214
92226
92274
92277
92282
92283
92304
92311
92333
92356
92406
92420
92437
92462
92488
92494
92518
92520
92523
92589
92592
92614
92621
92626
92658
92660
92693
92694
92704
92707
92708
92725
92752
92764
92775
92796
92807
92822
92827
92856
92859
92883
92946
93033
93034
93047
93074
93080
93091
93097
93102
93105
93111
93149
93162
93175
93182
93223
93245
93251
93256
93293
93315
93325
93347
93400
93423
93474
93488
93546
93549
93554
93573
93589
93601
93607
93633
93647
93648
93653
93670
93698
93718
93751
93755
93759
93761
93784
93797
93819
93846
93896
93897
93905
93909
93911
93929
93969
93979
93986
93990
93992
93995
94006
94049
94069
94098
94110
94113
94114
94126
94127
94131
94157
94162
94174
94176
94198
94243
94266
94275
94291
94299
94315
94339
94432
94438
94477
94483
94487
94488
94494
94506
94535
94578
94595
94606
94607
94619
94634
94665
94695
94697
94714
94820
94858
94873
94951
94960
94975
94990
95012
95013
95018
95062
95075
95083
95089
95118
95197
95241
95261
95265
95268
95293
95324
95345
95354
95377
95387
95409
95412
95416
95428
95439
95446
95458
95483
95506
95534
95540
95548
95596
95663
95666
95667
95683
95694
95746
95786
95804
95862
95863
95865
95874
95898
95902
95926
95930
95947
95951
95961
95985
96066
96088
96135
96161
96163
96166
96232
96248
96254
96266
96333
96356
96359
96395
96410
96433
96461
96478
96487
96490
96493
96504
96510
96511
96537
96551
96574
96625
96636
96639
96645
96662
96666
96675
96681
96682
96684
96745
96778
96787
96820
96825
96848
96855
96876
96877
96897
96921
96945
96948
96986
97005
97017
97019
97020
97038
97107
97112
97122
97125
97165
97171
97193
97197
97217
97226
97230
97237
97247
97249
97251
97260
97269
97307
97362
97372
97377
97382
97389
97429
97434
97458
97472
97499
97524
97544
97565
97586
97592
97606
97615
97628
97640
97651
97656
97666
97669
97722
97755
97811
97825
97853
97860
97864
97870
97880
97943
97946
97950
98026
98062
98065
98094
98097
98111
98119
98131
98152
98175
98194
98202
98204
98231
98232
98251
98259
98277
98325
98327
98349
98351
98381
98393
98396
98416
98434
98435
98476
98479
98480
98483
98507
98508
98520
98529
98556
98574
98603
98613
98624
98640
98667
98710
98733
98745
98750
98752
98839
98882
98906
98910
98912
98918
98923
98956
98989
99006
99013
99019
99041
99046
99127
99128
99132
99177
99188
99214
99248
99258
99277
99278
99285
99300
99320
99325
99335
99360
99432
99455
99471
99473
99486
99502
99503
99581
99583
99591
99618
99654
99722
99726
99750
99796
99798
99863
99913
99935
99959
99978
k
