7980
7944
7921
7877
7875
7853
7819
7815
7780
7758
7734
7722
7708
7695
7688
7685
7684
7657
7649
7648
7631
7614
7607
7591
7585
7538
7524
7497
7492
7487
7434
7375
7310
7301
7295
7289
7261
7250
7218
7208
7206
7199
7150
7147
7105
7078
7063
7040
7030
7012
7000
6997
6962
6960
6956
6935
6917
6908
6896
6894
6822
6812
6805
6803
6790
6769
6756
6745
6712
6692
6688
6632
6607
6606
6596
6579
6561
6548
6483
6481
6438
6428
6406
6385
6380
6368
6348
6330
6294
6235
6220
6196
6195
6177
6176
6113
6081
5920
5841
5821
5818
5796
5770
5762
5755
5727
5723
5685
5680
5679
5647
5634
5618
5608
5567
5560
5511
5429
5406
5389
5375
5353
5338
5312
5309
5290
5274
5245
5241
5170
5126
5097
5078
5077
5073
5070
4984
4936
4831
4829
4798
4794
4745
4738
4729
4726
4719
4710
4635
4634
4602
4599
4564
4561
4554
4551
4544
4542
4537
4522
4508
4505
4452
4450
4414
4407
4400
4392
4377
4361
4349
4347
4339
4325
4323
4315
4312
4275
4254
4223
4209
4206
4198
4195
4188
4170
4163
4134
4095
4089
4079
4006
3972
3966
3958
3951
3896
3888
3862
3800
3791
3782
3744
3736
3726
3723
3709
3649
3630
3609
3597
3588
3569
3486
3429
3425
3424
3420
3375
3361
3360
3323
3287
3274
3258
3244
3240
3199
3185
3147
3127
3092
3081
3070
3045
3032
3022
3002
2995
2974
2966
2926
2818
2816
2814
2813
2799
2790
2756
2754
2711
2710
2693
2664
2629
2625
2608
2576
2575
2551
2537
2523
2517
2507
2462
2460
2450
2415
2382
2380
2354
2353
2336
2316
2286
2271
2266
2232
2224
2223
2179
2148
2147
2131
2081
2062
2046
2031
2003
2001
1997
1979
1978
1951
1946
1930
1911
1901
1899
1894
1879
1873
1866
1863
1858
1836
1817
1811
1782
1778
1755
1739
1730
1663
1639
1627
1626
1602
1584
1567
1565
1540
1528
1514
1459
1455
1449
1439
1438
1435
1419
1418
1398
1364
1336
1300
1262
1216
1209
1205
1194
1170
1154
1151
1147
1146
1145
1127
1112
1070
1063
1059
1052
984
983
968
946
943
848
846
822
808
790
753
732
722
692
681
664
655
645
619
593
553
531
524
518
390
366
349
334
314
305
217
176
172
165
152
128
120
107
85
80
75
37
26
25
24
23
15
4
28
45
52
73
77
87
108
171
242
259
262
267
276
285
296
319
323
330
346
356
362
368
370
391
409
431
434
435
484
491
614
685
697
755
855
856
908
919
927
949
975
997
1031
1066
1076
1078
1089
1127
1131
1151
1162
1204
1210
1219
1262
1275
1279
1295
1395
1419
1443
1456
1464
1465
1466
1475
1478
1487
1536
1539
1563
1579
1615
1622
1641
1690
1699
1702
1710
1722
1778
1823
1841
1845
1866
1878
1888
1894
1950
1953
1983
1987
2023
2032
2036
2063
2064
2066
2076
2077
2100
2174
2184
2193
2213
2228
2231
2237
2244
2283
2296
2320
2338
2342
2352
2357
2364
2409
2419
2455
2464
2480
2481
2487
2504
2530
2556
2560
2566
2575
2621
2668
2691
2738
2750
2752
2793
2818
2824
2860
2873
2966
2991
3000
3048
3101
3142
3176
3201
3207
3254
3264
3268
3299
3320
3326
3327
3351
3358
3424
3436
3467
3499
3515
3586
3650
3740
3760
3766
3783
3785
3786
3787
3788
3810
3818
3836
3844
3858
3871
3879
3897
3904
3934
3941
3949
3963
3974
3977
3999
4014
4047
4048
4059
4062
4080
4109
4150
4152
4156
4200
4202
4253
4307
4314
4317
4325
4328
4335
4341
4397
4413
4425
4452
4459
4480
4502
4504
4511
4537
4541
4549
4591
4606
4632
4653
4658
4673
4702
4741
4765
4766
4784
4791
4814
4839
4849
4857
4883
4886
4897
4898
4933
4965
4985
4991
4992
5003
5004
5043
5051
5060
5062
5090
5122
5142
5148
5188
5189
5201
5216
5218
5225
5299
5305
5345
5376
5380
5394
5416
5428
5446
5449
5477
5483
5491
5500
5511
5566
5570
5586
5617
5622
5625
5640
5755
5786
5816
5817
5826
5862
5869
5888
5891
5937
5954
5972
6022
6023
6035
6055
6060
6095
6153
6162
6172
6196
6214
6302
6328
6330
6332
6380
6382
6406
6418
6483
6487
6509
6535
6565
6660
6664
6673
6709
6733
6742
6769
6777
6783
6807
6817
6831
6835
6847
6850
6878
6899
6904
6926
6936
6941
6956
6969
6993
7009
7025
7061
7074
7083
7090
7093
7146
7164
7167
7175
7187
7212
7214
7222
7236
7238
7241
7245
7290
7308
7310
7337
7341
7348
7354
7368
7380
7383
7393
7394
7396
7402
7403
7404
7428
7450
7474
7480
7483
7578
7590
7633
7667
7675
7695
7806
7808
7834
7854
7879
7956
7985
7996
k
