79987
79984
79956
79947
79939
79918
79871
79861
79860
79836
79821
79813
79812
79760
79757
79737
79730
79718
79711
79706
79692
79641
79590
79584
79572
79543
79531
79514
79471
79467
79448
79347
79340
79337
79334
79328
79327
79296
79295
79291
79289
79238
79230
79229
79212
79205
79184
79137
79132
79131
79130
79123
79064
79039
78974
78968
78957
78948
78925
78914
78878
78869
78866
78848
78847
78830
78789
78770
78764
78659
78642
78635
78617
78606
78603
78593
78574
78571
78564
78557
78527
78509
78500
78438
78415
78404
78401
78391
78382
78346
78345
78342
78276
78234
78208
78188
78183
78172
78171
78170
78160
78137
78082
78081
78077
78063
78041
78017
78016
78012
77985
77957
77930
77920
77899
77896
77859
77852
77846
77838
77826
77776
77751
77748
77725
77723
77693
77680
77649
77647
77639
77572
77557
77496
77493
77479
77465
77454
77425
77420
77407
77402
77386
77383
77343
77303
77269
77248
77189
77188
77176
77081
77060
77047
77018
77011
76956
76897
76891
76800
76786
76759
76741
76725
76721
76720
76662
76652
76651
76645
76643
76625
76623
76600
76583
76577
76575
76574
76572
76570
76569
76530
76506
76500
76445
76428
76401
76393
76386
76326
76309
76305
76287
76286
76267
76258
76253
76245
76243
76233
76224
76218
76203
76202
76177
76152
76129
76127
76118
76108
76084
76067
76028
76022
76008
75983
75940
75934
75901
75888
75856
75825
75814
75788
75758
75723
75703
75695
75613
75595
75571
75562
75554
75550
75540
75507
75503
75488
75455
75448
75356
75336
75320
75295
75263
75247
75220
75168
75163
75150
75138
75116
75115
75095
75086
75077
75010
75007
74939
74937
74926
74925
74851
74827
74809
74743
74735
74734
74689
74678
74653
74650
74599
74545
74510
74507
74501
74465
74431
74410
74404
74402
74394
74369
74357
74355
74323
74318
74284
74282
74272
74267
74263
74251
74233
74199
74170
74148
74142
74139
74041
74000
73985
73981
73944
73890
73874
73870
73853
73843
73821
73790
73788
73734
73729
73711
73708
73706
73701
73678
73672
73664
73659
73613
73601
73550
73529
73504
73475
73445
73438
73426
73425
73419
73384
73378
73366
73359
73350
73337
73332
73242
73224
73201
73200
73128
73124
73119
73091
73066
73042
72988
72963
72952
72943
72921
72906
72895
72876
72853
72852
72848
72841
72824
72794
72789
72704
72684
72680
72671
72668
72665
72664
72657
72653
72629
72627
72614
72577
72552
72541
72521
72507
72481
72468
72461
72439
72409
72322
72305
72275
72252
72250
72179
72159
72117
72062
72059
72048
72028
72003
71985
71970
71961
71959
71948
71930
71919
71908
71900
71890
71887
71884
71864
71859
71858
71844
71819
71812
71804
71748
71698
71673
71659
71649
71636
71618
71599
71549
71535
71532
71517
71511
71509
71503
71501
71497
71496
71476
71436
71393
71388
71385
71368
71364
71357
71343
71336
71328
71327
71269
71265
71210
71192
71191
71156
71122
71082
71051
71046
71024
71020
70964
70926
70904
70879
70796
70795
70782
70772
70749
70741
70729
70687
70673
70633
70606
70604
70578
70557
70541
70523
70506
70503
70487
70480
70467
70446
70427
70399
70380
70341
70312
70276
70272
70236
70196
70156
70100
70083
70053
70049
70038
70009
70001
69996
69994
69990
69968
69945
69938
69931
69922
69909
69856
69841
69836
69826
69812
69805
69780
69777
69726
69717
69696
69599
69586
69577
69551
69517
69501
69493
69406
69403
69374
69361
69328
69311
69288
69233
69209
69187
69183
69140
69092
69080
69060
69005
69003
68970
68942
68937
68887
68849
68819
68794
68776
68720
68719
68706
68702
68687
68683
68636
68631
68628
68592
68546
68543
68530
68528
68520
68505
68502
68449
68444
68424
68379
68377
68342
68285
68213
68210
68209
68133
68108
68080
68026
67979
67963
67945
67911
67906
67900
67861
67851
67830
67798
67774
67750
67749
67695
67653
67648
67644
67626
67616
67603
67589
67584
67549
67521
67511
67479
67457
67453
67438
67429
67421
67403
67398
67391
67376
67362
67354
67349
67346
67345
67304
67299
67289
67277
67269
67261
67254
67236
67226
67213
67189
67117
67093
67065
67064
67052
67031
66966
66953
66944
66920
66911
66904
66890
66887
66878
66875
66853
66851
66834
66756
66734
66731
66676
66660
66644
66640
66612
66610
66595
66585
66584
66558
66557
66544
66442
66432
66426
66391
66386
66349
66342
66308
66303
66284
66249
66224
66152
66144
66097
66082
66068
66041
66021
66007
66002
65998
65981
65978
65967
65922
65914
65889
65883
65836
65805
65796
65790
65789
65780
65778
65758
65743
65723
65702
65678
65644
65625
65605
65582
65573
65564
65554
65511
65498
65494
65485
65479
65465
65401
65388
65378
65372
65363
65340
65339
65318
65303
65273
65268
65260
65253
65225
65216
65202
65192
65100
65082
65062
65055
65048
65025
65020
65006
64978
64968
64916
64908
64890
64872
64871
64809
64786
64783
64748
64704
64692
64680
64599
64594
64585
64572
64560
64559
64551
64538
64499
64481
64463
64438
64434
64419
64375
64357
64341
64335
64320
64268
64260
64245
64240
64191
64183
64177
64169
64116
64088
64087
64086
64070
64037
64010
63926
63913
63897
63865
63859
63847
63829
63788
63743
63741
63690
63681
63678
63674
63655
63632
63552
63550
63504
63493
63462
63461
63398
63375
63346
63338
63323
63315
63307
63299
63269
63259
63252
63244
63225
63190
63170
63145
63122
63099
63096
63045
63044
63029
63017
63005
62999
62989
62911
62868
62839
62826
62815
62775
62755
62745
62717
62707
62698
62599
62594
62588
62549
62535
62534
62514
62509
62480
62479
62461
62435
62409
62385
62361
62356
62355
62312
62300
62194
62192
62183
62180
62164
62129
62086
62079
62075
62042
62041
62032
62023
61959
61957
61931
61917
61851
61843
61834
61803
61802
61792
61791
61787
61747
61686
61664
61613
61609
61589
61579
61570
61560
61552
61545
61526
61471
61466
61454
61450
61418
61375
61366
61364
61361
61324
61319
61295
61279
61245
61225
61216
61210
61208
61201
61197
61163
61080
61046
61041
61013
60987
60985
60972
60963
60933
60931
60929
60927
60921
60918
60899
60865
60860
60858
60827
60821
60811
60798
60790
60762
60685
60682
60660
60656
60615
60593
60589
60578
60553
60536
60531
60482
60479
60469
60466
60463
60432
60399
60396
60379
60372
60371
60358
60349
60333
60308
60307
60301
60295
60280
60263
60209
60208
60207
60161
60142
60132
60131
60121
60111
59974
59947
59928
59923
59905
59876
59872
59813
59805
59786
59768
59766
59732
59707
59704
59657
59656
59652
59647
59640
59628
59530
59516
59493
59464
59417
59410
59393
59392
59339
59334
59303
59295
59278
59266
59244
59203
59188
59116
59099
59067
59047
59039
59025
59016
59008
58986
58965
58924
58847
58838
58837
58794
58791
58765
58753
58717
58715
58710
58709
58675
58671
58665
58655
58610
58598
58584
58580
58577
58572
58521
58506
58502
58501
58436
58435
58425
58423
58409
58407
58400
58395
58374
58334
58331
58322
58319
58291
58288
58275
58248
58232
58230
58219
58202
58175
58108
58080
58055
58048
57934
57921
57875
57868
57860
57843
57799
57796
57785
57783
57707
57698
57696
57685
57679
57663
57656
57655
57628
57625
57602
57597
57584
57578
57554
57543
57502
57498
57469
57458
57455
57454
57435
57415
57410
57383
57381
57337
57332
57306
57299
57283
57282
57215
57198
57189
57176
57142
57134
57104
57022
57015
57012
56928
56899
56896
56890
56866
56860
56859
56852
56830
56821
56797
56782
56781
56773
56764
56759
56745
56732
56719
56708
56707
56691
56683
56643
56630
56615
56583
56562
56557
56538
56531
56528
56520
56498
56486
56463
56414
56385
56368
56364
56345
56280
56277
56260
56236
56231
56205
56188
56177
56139
56102
56085
56062
56051
56037
56025
55991
55986
55981
55951
55945
55888
55876
55866
55865
55821
55815
55805
55800
55789
55776
55681
55667
55662
55660
55654
55567
55524
55513
55498
55462
55410
55406
55378
55371
55364
55356
55338
55326
55302
55293
55279
55273
55265
55263
55255
55236
55196
55173
55111
55100
55096
55072
55059
55043
55028
55027
55012
54991
54967
54952
54948
54946
54885
54866
54857
54847
54827
54807
54803
54789
54785
54759
54701
54691
54605
54598
54591
54581
54580
54575
54557
54506
54504
54498
54481
54463
54416
54390
54371
54342
54341
54327
54326
54263
54241
54205
54188
54178
54167
54083
54058
54045
54038
54034
54019
54006
53992
53978
53946
53924
53914
53900
53899
53889
53887
53881
53869
53864
53853
53848
53831
53828
53804
53801
53754
53744
53739
53698
53682
53666
53664
53584
53525
53523
53479
53478
53459
53441
53433
53406
53405
53400
53372
53369
53339
53310
53280
53277
53272
53264
53216
53215
53187
53185
53179
53171
53160
53102
53101
53064
53022
53020
53014
53008
52993
52989
52969
52961
52936
52932
52925
52908
52905
52892
52874
52871
52869
52863
52830
52730
52722
52721
52707
52703
52701
52699
52658
52655
52614
52613
52600
52598
52587
52569
52558
52528
52497
52469
52458
52455
52414
52405
52399
52351
52341
52300
52297
52245
52242
52241
52224
52190
52183
52166
52153
52143
52123
52112
52103
52055
52047
51991
51981
51929
51842
51828
51816
51805
51797
51764
51740
51738
51708
51627
51618
51614
51581
51566
51541
51513
51441
51403
51390
51363
51337
51336
51333
51328
51314
51297
51289
51267
51255
51247
51181
51167
51166
51151
51080
51067
51040
51035
51020
51005
50997
50972
50949
50937
50914
50899
50876
50829
50793
50772
50766
50743
50729
50728
50710
50671
50665
50658
50648
50623
50610
50586
50568
50553
50538
50523
50507
50385
50383
50380
50377
50349
50334
50317
50312
50307
50288
50252
50243
50230
50189
50170
50165
50148
50115
50082
50065
50052
50043
50041
50016
50002
49998
49986
49957
49951
49910
49903
49868
49850
49816
49813
49796
49762
49754
49753
49717
49700
49696
49692
49629
49610
49566
49562
49471
49466
49458
49454
49430
49410
49390
49366
49341
49309
49308
49305
49295
49234
49219
49215
49209
49194
49183
49160
49149
49146
49137
49120
49078
49069
48970
48915
48904
48884
48876
48845
48825
48736
48674
48669
48667
48634
48584
48548
48546
48517
48507
48465
48450
48447
48430
48426
48417
48387
48386
48370
48369
48355
48287
48284
48269
48252
48244
48219
48213
48206
48196
48184
48181
48153
48141
48140
48138
48118
48077
48073
48069
48044
47989
47976
47959
47935
47933
47915
47893
47870
47859
47850
47804
47778
47730
47721
47702
47674
47658
47638
47579
47557
47543
47514
47504
47497
47483
47458
47450
47441
47394
47381
47378
47358
47309
47292
47275
47226
47165
47130
47118
47016
47007
46997
46989
46952
46949
46942
46922
46914
46875
46866
46852
46831
46827
46825
46811
46771
46765
46738
46724
46722
46710
46683
46635
46634
46624
46615
46612
46611
46598
46586
46584
46577
46552
46541
46535
46534
46513
46471
46454
46430
46429
46423
46418
46413
46399
46361
46336
46300
46283
46259
46199
46165
46135
46124
46103
46102
46091
46076
46068
46030
45994
45988
45978
45975
45949
45938
45926
45904
45895
45894
45878
45862
45861
45847
45844
45838
45820
45814
45799
45719
45715
45694
45669
45668
45664
45648
45636
45613
45588
45577
45564
45516
45494
45492
45483
45440
45439
45427
45415
45396
45348
45338
45309
45300
45297
45279
45269
45260
45242
45232
45229
45224
45222
45205
45187
45176
45170
45141
45140
45101
45089
45072
45071
45047
45038
45015
44981
44968
44962
44961
44937
44898
44868
44812
44800
44797
44767
44760
44718
44653
44593
44563
44539
44480
44415
44407
44370
44362
44344
44331
44321
44315
44301
44280
44258
44255
44156
44146
44134
44070
44052
44043
43989
43961
43960
43955
43923
43919
43916
43889
43882
43870
43862
43831
43829
43824
43786
43739
43717
43714
43693
43680
43650
43643
43630
43626
43613
43548
43518
43509
43494
43492
43482
43464
43425
43406
43390
43389
43305
43264
43237
43228
43208
43204
43175
43173
43159
43114
43094
43080
43079
43076
43067
43056
43046
43040
43002
42998
42981
42964
42961
42951
42949
42932
42908
42892
42869
42854
42826
42791
42771
42764
42743
42732
42730
42716
42697
42654
42611
42595
42568
42565
42556
42549
42515
42467
42463
42436
42415
42395
42389
42373
42350
42303
42294
42290
42285
42272
42214
42212
42208
42188
42168
42158
42147
42105
42063
42050
42041
41993
41967
41944
41912
41902
41892
41872
41868
41749
41746
41729
41718
41670
41639
41598
41581
41580
41577
41540
41535
41525
41518
41515
41507
41494
41473
41471
41466
41449
41411
41394
41388
41386
41383
41379
41368
41333
41319
41293
41285
41256
41248
41243
41242
41188
41170
41129
41017
41012
41003
41002
40990
40975
40949
40944
40915
40914
40876
40862
40841
40806
40805
40747
40746
40646
40576
40567
40542
40539
40491
40461
40451
40444
40435
40430
40395
40384
40383
40348
40339
40329
40318
40315
40245
40236
40231
40229
40220
40190
40141
40134
40127
40124
40106
40096
40076
40073
40072
40050
40041
40036
40027
40026
40012
40009
40004
39996
39985
39970
39932
39912
39892
39880
39868
39851
39849
39843
39841
39799
39764
39757
39736
39720
39663
39659
39600
39591
39563
39532
39522
39519
39516
39513
39492
39486
39475
39460
39441
39420
39411
39266
39210
39192
39141
39131
39113
39111
39090
39087
39045
39028
39018
39015
39011
39007
38993
38992
38843
38833
38816
38808
38807
38787
38745
38738
38709
38694
38691
38685
38679
38674
38672
38670
38655
38625
38581
38551
38531
38530
38527
38514
38478
38477
38475
38424
38420
38413
38397
38386
38383
38375
38369
38351
38320
38312
38307
38273
38262
38253
38247
38208
38187
38186
38154
38124
38114
38089
38079
38033
38005
37995
37994
37985
37964
37953
37943
37941
37899
37840
37827
37813
37800
37776
37749
37736
37712
37701
37693
37659
37634
37550
37513
37485
37453
37450
37445
37430
37419
37417
37406
37386
37350
37314
37308
37240
37230
37156
37130
37090
37048
37043
36960
36955
36888
36886
36788
36784
36772
36767
36718
36717
36713
36709
36701
36696
36687
36679
36659
36652
36604
36593
36580
36569
36552
36528
36511
36470
36433
36419
36372
36366
36351
36336
36304
36284
36283
36261
36225
36215
36206
36183
36142
36140
36068
36032
36027
35976
35966
35921
35920
35914
35899
35891
35872
35858
35843
35830
35806
35802
35798
35796
35776
35761
35754
35727
35705
35674
35621
35584
35560
35539
35498
35494
35478
35469
35461
35428
35423
35384
35359
35353
35341
35336
35329
35326
35304
35277
35276
35273
35252
35233
35218
35206
35189
35166
35164
35070
35069
35064
35058
35021
35004
34975
34940
34929
34917
34907
34889
34883
34866
34856
34846
34842
34810
34803
34795
34793
34792
34791
34737
34735
34705
34703
34654
34626
34624
34603
34598
34542
34516
34507
34479
34475
34436
34409
34400
34385
34381
34347
34325
34320
34310
34305
34298
34288
34256
34255
34242
34203
34186
34183
34116
34059
34048
34039
34018
34014
33980
33972
33970
33896
33877
33875
33863
33860
33859
33857
33824
33811
33782
33777
33761
33728
33704
33687
33677
33642
33634
33620
33616
33605
33575
33572
33491
33474
33454
33452
33430
33417
33397
33378
33357
33301
33286
33273
33253
33249
33227
33222
33219
33204
33172
33149
33096
33081
33063
33022
32993
32990
32947
32930
32885
32870
32838
32825
32787
32711
32691
32647
32598
32589
32534
32502
32499
32464
32462
32429
32420
32417
32411
32410
32393
32382
32373
32370
32366
32358
32354
32347
32333
32312
32308
32304
32291
32266
32262
32242
32215
32175
32164
32162
32152
32137
32128
32125
32068
32062
32050
32028
32023
32002
31995
31986
31937
31933
31920
31904
31897
31869
31868
31826
31814
31798
31764
31755
31742
31709
31670
31659
31637
31577
31538
31500
31485
31476
31467
31444
31433
31423
31419
31408
31356
31343
31326
31287
31283
31247
31226
31223
31216
31178
31170
31128
31097
31063
31048
30893
30842
30819
30808
30800
30793
30776
30749
30739
30734
30731
30698
30695
30689
30577
30570
30547
30525
30524
30460
30389
30379
30320
30309
30304
30268
30263
30215
30209
30194
30190
30133
30120
30105
30054
30040
30021
29949
29930
29923
29912
29906
29853
29821
29812
29783
29769
29757
29744
29738
29737
29720
29714
29705
29698
29693
29652
29642
29639
29636
29572
29568
29559
29541
29479
29477
29465
29405
29393
29392
29293
29270
29267
29246
29230
29224
29191
29167
29146
29131
29123
29084
29076
29066
29060
29043
29039
28997
28989
28984
28983
28953
28952
28950
28944
28931
28900
28884
28865
28846
28830
28829
28793
28791
28787
28765
28732
28718
28691
28671
28629
28599
28562
28557
28514
28488
28443
28410
28409
28399
28393
28340
28329
28302
28256
28115
28080
28077
28027
28017
28006
28004
27969
27966
27933
27928
27880
27853
27850
27818
27809
27760
27715
27706
27650
27649
27643
27602
27589
27584
27576
27538
27528
27508
27466
27458
27456
27437
27435
27431
27426
27401
27390
27381
27377
27361
27349
27341
27334
27311
27288
27278
27266
27239
27236
27208
27199
27193
27175
27150
27141
27132
27127
27124
27114
27107
27100
27079
27076
27073
27056
27041
27017
27016
27012
27011
26977
26972
26953
26947
26935
26931
26914
26893
26867
26804
26774
26770
26769
26768
26759
26757
26741
26721
26719
26647
26640
26623
26620
26612
26547
26527
26465
26447
26433
26380
26327
26318
26315
26307
26282
26280
26264
26231
26215
26202
26196
26184
26150
26132
26090
26075
26055
26053
26017
25992
25965
25958
25937
25907
25903
25868
25849
25813
25799
25769
25764
25762
25748
25729
25719
25715
25667
25656
25655
25637
25522
25503
25492
25481
25473
25457
25456
25441
25437
25430
25368
25350
25332
25298
25280
25239
25225
25224
25214
25204
25139
25094
25082
25043
25041
25034
25022
24992
24983
24976
24974
24957
24944
24935
24926
24899
24885
24883
24877
24847
24829
24805
24777
24775
24766
24741
24730
24702
24695
24640
24632
24623
24621
24620
24530
24525
24475
24455
24421
24397
24395
24374
24372
24367
24323
24263
24242
24239
24235
24233
24185
24177
24156
24122
24080
24064
24048
24029
23970
23956
23941
23891
23854
23852
23825
23823
23806
23797
23742
23694
23676
23657
23635
23624
23584
23578
23552
23548
23523
23482
23468
23441
23424
23418
23408
23398
23333
23287
23280
23242
23216
23196
23182
23181
23174
23157
23147
23140
23129
23113
23077
22965
22963
22932
22907
22873
22858
22857
22851
22835
22833
22758
22743
22726
22713
22703
22702
22663
22626
22611
22603
22597
22579
22573
22557
22543
22535
22485
22479
22461
22433
22416
22414
22389
22359
22343
22337
22304
22294
22259
22257
22238
22229
22191
22173
22170
22140
22111
22028
22023
21990
21981
21979
21869
21856
21851
21839
21801
21782
21772
21764
21709
21674
21667
21666
21664
21650
21643
21597
21586
21541
21531
21518
21488
21457
21452
21440
21381
21352
21340
21240
21216
21199
21145
21121
21078
21068
21064
21061
21032
21004
20987
20977
20936
20913
20906
20897
20877
20844
20826
20793
20770
20738
20702
20681
20678
20664
20659
20656
20652
20627
20592
20576
20564
20555
20498
20453
20440
20434
20431
20429
20423
20417
20414
20407
20321
20272
20261
20230
20196
20182
20155
20150
20135
20123
20119
20113
20105
20083
20056
20044
19986
19974
19961
19898
19869
19837
19822
19820
19793
19783
19776
19758
19739
19725
19722
19719
19706
19688
19678
19674
19670
19626
19615
19592
19575
19573
19556
19509
19503
19498
19442
19406
19384
19374
19367
19352
19348
19315
19308
19281
19261
19256
19242
19213
19185
19168
19147
19142
19136
19122
19112
19072
19033
19010
18900
18874
18852
18846
18841
18828
18817
18812
18808
18777
18761
18708
18703
18690
18678
18637
18635
18627
18547
18523
18519
18513
18512
18505
18489
18481
18446
18425
18356
18328
18305
18304
18270
18256
18250
18247
18236
18194
18148
18044
18019
18011
17997
17986
17985
17962
17955
17953
17929
17900
17884
17874
17871
17848
17807
17794
17769
17766
17761
17755
17727
17713
17703
17697
17694
17688
17679
17666
17623
17566
17553
17548
17506
17484
17458
17451
17448
17376
17338
17336
17318
17317
17257
17255
17240
17237
17234
17228
17219
17197
17194
17188
17183
17177
17164
17158
17156
17154
17125
17105
17086
17074
17020
17019
17012
16983
16938
16919
16891
16840
16837
16834
16818
16811
16767
16764
16686
16683
16661
16656
16623
16555
16550
16543
16532
16493
16487
16471
16411
16407
16332
16300
16291
16285
16273
16201
16181
16153
16101
16089
16088
16087
16084
16076
16071
16043
16040
16038
16025
16021
16014
16012
15983
15972
15947
15914
15861
15845
15842
15840
15782
15740
15720
15698
15679
15672
15665
15651
15643
15640
15529
15527
15439
15429
15427
15319
15289
15288
15250
15223
15220
15214
15170
15138
15137
15133
15103
15090
15030
15014
15005
15002
14997
14985
14979
14957
14946
14912
14873
14838
14808
14788
14714
14707
14671
14646
14640
14621
14610
14601
14574
14534
14530
14526
14524
14494
14452
14446
14440
14365
14326
14290
14289
14249
14244
14227
14224
14180
14168
14161
14151
14148
14145
14113
14061
14034
14026
13995
13990
13968
13962
13939
13936
13896
13854
13796
13795
13774
13767
13764
13755
13752
13746
13708
13674
13653
13641
13620
13569
13505
13433
13415
13406
13396
13393
13392
13386
13382
13379
13294
13288
13261
13251
13248
13214
13212
13193
13181
13180
13147
13144
13134
13104
13091
13071
13068
13030
13010
12967
12926
12918
12898
12888
12860
12828
12783
12762
12751
12731
12631
12614
12594
12538
12526
12523
12517
12492
12463
12458
12443
12434
12422
12403
12394
12363
12360
12346
12334
12326
12311
12304
12275
12266
12249
12231
12200
12190
12188
12180
12166
12146
12139
12120
12061
12023
12009
11984
11954
11952
11947
11939
11934
11884
11836
11832
11808
11803
11795
11777
11776
11769
11747
11742
11719
11659
11640
11625
11570
11476
11470
11450
11437
11433
11417
11412
11409
11388
11384
11382
11330
11317
11249
11244
11195
11190
11187
11174
11136
11132
11068
11036
11018
10999
10995
10991
10989
10983
10971
10865
10854
10724
10701
10698
10689
10679
10674
10654
10652
10598
10593
10588
10560
10550
10492
10462
10453
10447
10438
10436
10343
10332
10314
10305
10300
10296
10279
10269
10263
10258
10229
10219
10170
10152
10147
10123
10120
10090
10083
10063
10057
10056
10049
10013
9977
9964
9947
9926
9892
9878
9863
9857
9842
9837
9829
9813
9764
9749
9722
9698
9695
9669
9665
9662
9653
9651
9644
9639
9637
9630
9624
9613
9608
9571
9520
9508
9382
9378
9357
9348
9343
9333
9305
9273
9253
9241
9217
9181
9158
9155
9148
9144
9104
9086
9064
9057
9040
9022
8975
8970
8969
8961
8905
8902
8848
8841
8838
8805
8800
8794
8719
8676
8660
8657
8651
8638
8637
8614
8597
8593
8592
8583
8566
8524
8511
8501
8482
8481
8469
8444
8390
8384
8362
8301
8297
8255
8254
8247
8237
8231
8215
8209
8168
8162
8109
8064
8048
8029
7979
7978
7966
7958
7932
7885
7883
7865
7826
7791
7788
7741
7693
7671
7639
7563
7527
7526
7522
7520
7504
7496
7456
7452
7439
7438
7386
7378
7376
7363
7329
7325
7297
7294
7287
7238
7214
7204
7175
7172
7166
7161
7158
7155
7150
7136
7119
7104
7028
6976
6975
6965
6942
6895
6867
6855
6835
6825
6783
6763
6759
6738
6731
6669
6652
6645
6626
6612
6609
6595
6577
6570
6474
6462
6455
6442
6431
6393
6363
6294
6293
6264
6246
6238
6210
6163
6161
6139
6126
6102
6065
6053
6051
6033
6031
6029
6000
5973
5959
5935
5926
5915
5878
5872
5867
5855
5802
5801
5767
5740
5730
5713
5674
5658
5652
5617
5610
5605
5586
5584
5580
5569
5558
5523
5506
5500
5493
5491
5474
5435
5371
5355
5345
5295
5294
5285
5262
5246
5241
5233
5228
5224
5220
5204
5203
5193
5185
5177
5137
5136
5127
5122
5090
5088
5054
4935
4926
4920
4901
4849
4832
4820
4819
4790
4777
4735
4715
4697
4696
4664
4631
4624
4615
4614
4594
4586
4578
4559
4457
4391
4374
4361
4360
4350
4335
4333
4328
4257
4229
4212
4189
4185
4172
4157
4153
4078
4034
4011
4005
4000
3990
3966
3945
3940
3911
3901
3893
3882
3871
3856
3846
3816
3814
3797
3796
3752
3721
3703
3639
3632
3625
3600
3592
3554
3521
3505
3501
3500
3497
3487
3482
3475
3472
3453
3452
3438
3403
3362
3361
3354
3304
3297
3275
3269
3266
3225
3220
3211
3203
3195
3182
3093
3071
3059
3016
3014
3001
2984
2900
2897
2888
2857
2847
2821
2763
2686
2675
2671
2626
2603
2594
2591
2586
2549
2548
2547
2523
2485
2473
2470
2468
2442
2428
2378
2372
2369
2351
2346
2331
2321
2320
2307
2306
2296
2295
2223
2218
2210
2197
2179
2160
2123
2104
2093
2079
2076
1973
1917
1814
1807
1804
1774
1773
1772
1760
1757
1755
1717
1700
1695
1694
1680
1677
1654
1639
1620
1602
1580
1557
1535
1483
1471
1469
1456
1439
1396
1368
1337
1336
1321
1316
1307
1288
1182
1156
1143
1092
1078
1064
1062
1061
1031
1016
1009
1005
1000
996
983
976
975
968
953
923
888
884
860
852
754
742
733
720
705
680
675
672
664
641
633
594
591
583
525
508
481
461
429
394
386
373
366
349
338
308
261
255
198
193
76
50
44
5
1
4
13
39
48
91
120
125
137
144
166
192
237
243
255
285
291
300
301
313
322
325
344
376
405
411
416
424
432
464
474
477
481
483
514
525
606
618
653
704
712
717
725
744
829
849
880
892
908
910
921
948
971
993
1031
1145
1161
1201
1212
1251
1266
1267
1299
1334
1353
1407
1428
1432
1458
1485
1566
1592
1614
1690
1702
1737
1755
1783
1806
1829
1853
1858
1887
1897
1908
1920
1938
1946
1948
1964
1978
2002
2013
2058
2066
2084
2105
2146
2177
2191
2199
2208
2214
2242
2268
2276
2291
2301
2316
2345
2387
2401
2432
2466
2468
2487
2490
2507
2512
2524
2527
2536
2542
2549
2550
2564
2584
2598
2604
2646
2677
2680
2730
2755
2773
2784
2819
2850
2854
2857
2875
2883
2894
2904
2906
2925
2930
2932
2938
2941
2949
2957
2989
3013
3015
3029
3051
3067
3076
3093
3106
3122
3123
3124
3130
3148
3160
3189
3212
3216
3232
3235
3237
3251
3263
3277
3283
3297
3320
3331
3334
3341
3342
3377
3380
3386
3389
3399
3479
3559
3629
3639
3645
3696
3708
3716
3719
3722
3733
3735
3772
3790
3814
3815
3833
3836
3861
3899
3918
3958
3966
3976
4017
4025
4031
4037
4056
4061
4079
4088
4114
4121
4127
4128
4152
4156
4190
4215
4220
4244
4260
4269
4290
4298
4342
4349
4356
4369
4400
4402
4430
4441
4460
4466
4489
4496
4510
4518
4527
4551
4585
4590
4618
4626
4675
4722
4736
4744
4745
4748
4756
4773
4814
4841
4900
4906
4913
4969
5007
5030
5045
5059
5077
5079
5082
5087
5111
5116
5149
5180
5181
5185
5186
5189
5191
5293
5313
5319
5321
5347
5373
5400
5438
5446
5457
5465
5542
5557
5566
5585
5620
5655
5716
5734
5735
5762
5790
5802
5807
5843
5873
5896
5901
5903
5918
5971
5978
6000
6042
6087
6092
6096
6140
6180
6211
6217
6227
6229
6259
6269
6316
6334
6345
6361
6365
6379
6387
6390
6400
6414
6474
6492
6503
6524
6568
6578
6597
6633
6638
6726
6733
6738
6752
6755
6778
6788
6791
6815
6821
6847
6890
6894
6969
6975
6985
6991
7001
7016
7081
7091
7124
7132
7135
7136
7156
7159
7182
7198
7209
7232
7276
7297
7339
7342
7356
7371
7376
7381
7386
7416
7436
7444
7458
7463
7494
7570
7582
7606
7611
7613
7617
7629
7631
7648
7655
7739
7752
7777
7790
7791
7905
7908
7947
7975
7977
7979
8044
8050
8054
8069
8071
8080
8094
8100
8107
8139
8153
8165
8182
8190
8251
8252
8318
8360
8376
8396
8400
8428
8438
8487
8532
8578
8607
8610
8626
8656
8703
8810
8848
8926
8928
8971
8991
8993
9004
9020
9038
9057
9062
9092
9126
9152
9159
9166
9167
9169
9180
9222
9231
9239
9355
9401
9422
9481
9491
9550
9555
9635
9637
9648
9654
9659
9688
9709
9722
9751
9755
9756
9772
9775
9796
9806
9820
9849
9856
9880
9906
9913
9917
9933
9993
10002
10006
10056
10061
10076
10112
10140
10141
10143
10148
10151
10153
10172
10177
10223
10249
10282
10285
10291
10293
10327
10331
10347
10370
10376
10417
10430
10477
10531
10558
10639
10648
10649
10651
10652
10656
10701
10710
10715
10720
10726
10767
10780
10802
10837
10845
10847
10901
10912
10923
10950
10996
11014
11025
11053
11065
11108
11128
11139
11154
11175
11181
11227
11229
11231
11296
11300
11357
11364
11405
11418
11431
11507
11529
11542
11556
11582
11620
11622
11690
11697
11714
11758
11759
11760
11785
11805
11812
11814
11834
11843
11851
11852
11864
11868
11869
11870
11898
11922
11938
11969
12002
12012
12022
12050
12063
12165
12171
12181
12218
12280
12342
12400
12407
12442
12455
12462
12465
12484
12487
12514
12522
12535
12646
12663
12691
12714
12747
12793
12800
12821
12836
12840
12878
12891
12895
12905
12923
12955
13032
13043
13046
13049
13062
13106
13139
13172
13184
13192
13200
13211
13223
13248
13253
13266
13276
13281
13290
13298
13311
13324
13328
13385
13403
13405
13406
13408
13415
13425
13429
13434
13435
13461
13463
13486
13489
13500
13514
13540
13627
13631
13634
13712
13723
13756
13777
13779
13787
13788
13806
13834
13886
13967
13976
14007
14028
14100
14127
14128
14171
14173
14198
14220
14242
14246
14255
14267
14269
14286
14288
14297
14308
14371
14465
14473
14503
14514
14565
14604
14609
14627
14629
14631
14639
14651
14680
14684
14685
14696
14729
14758
14786
14796
14828
14831
14839
14858
14893
14896
14910
14930
14938
14976
14978
15000
15078
15091
15166
15183
15213
15221
15225
15238
15276
15297
15321
15336
15434
15437
15446
15474
15490
15555
15586
15620
15628
15661
15665
15704
15706
15724
15727
15782
15794
15797
15805
15806
15818
15833
15834
15852
15876
15883
15911
15923
15931
15948
15974
15979
15984
15991
16003
16018
16028
16043
16064
16085
16097
16113
16114
16127
16139
16178
16199
16230
16275
16314
16323
16330
16344
16376
16408
16421
16423
16439
16440
16444
16469
16492
16494
16503
16518
16526
16533
16588
16591
16631
16644
16655
16686
16689
16699
16723
16789
16801
16821
16838
16860
16861
16862
16868
16906
16921
16934
16948
16963
17023
17047
17050
17078
17224
17231
17242
17248
17300
17338
17340
17343
17359
17387
17404
17407
17430
17446
17482
17487
17519
17530
17551
17579
17596
17625
17640
17644
17686
17717
17742
17754
17758
17802
17831
17855
17887
17899
17901
17910
17950
17999
18035
18102
18104
18107
18111
18120
18155
18172
18188
18199
18204
18214
18217
18232
18250
18252
18257
18304
18383
18389
18409
18423
18459
18466
18515
18523
18534
18562
18566
18581
18589
18599
18600
18601
18647
18690
18723
18773
18789
18795
18835
18853
18860
18882
18905
18930
18938
18954
18974
18986
19080
19087
19102
19112
19114
19139
19161
19217
19294
19302
19311
19374
19384
19503
19525
19540
19550
19584
19592
19600
19622
19624
19633
19635
19644
19650
19654
19677
19686
19752
19829
19862
19864
19877
19882
19883
19902
19940
19949
19959
19972
20006
20014
20019
20022
20047
20063
20064
20070
20081
20084
20093
20103
20120
20128
20152
20157
20182
20183
20191
20200
20208
20214
20224
20230
20231
20269
20286
20312
20315
20332
20387
20408
20426
20432
20465
20470
20491
20515
20540
20571
20592
20607
20617
20632
20652
20666
20692
20702
20704
20708
20736
20760
20791
20803
20818
20857
20866
20903
20910
20914
20918
20920
20962
20995
21048
21079
21080
21082
21084
21086
21101
21118
21165
21196
21221
21223
21247
21252
21255
21262
21312
21316
21331
21413
21415
21443
21459
21471
21526
21579
21593
21594
21630
21633
21637
21641
21645
21651
21726
21733
21760
21775
21787
21791
21814
21816
21817
21818
21822
21854
21885
21890
21914
21930
21934
21979
21981
22026
22030
22041
22044
22079
22128
22146
22172
22191
22205
22212
22218
22224
22257
22269
22271
22284
22292
22351
22353
22354
22361
22407
22429
22451
22454
22508
22509
22524
22526
22531
22563
22572
22594
22603
22605
22621
22627
22652
22724
22736
22747
22753
22757
22797
22811
22818
22819
22825
22839
22846
22852
22868
22887
22916
22920
22925
22932
22935
22940
22943
22973
23006
23021
23030
23038
23058
23072
23124
23134
23136
23191
23198
23212
23224
23225
23228
23245
23280
23288
23298
23329
23354
23360
23376
23402
23414
23434
23470
23506
23514
23529
23537
23564
23611
23621
23660
23682
23691
23721
23724
23725
23733
23734
23750
23766
23796
23828
23835
23837
23847
23881
23905
23915
23927
23944
23956
23960
23979
23989
23999
24009
24054
24102
24118
24131
24141
24146
24189
24200
24202
24225
24241
24255
24314
24316
24342
24369
24388
24402
24424
24453
24454
24458
24470
24542
24548
24561
24598
24624
24640
24647
24660
24670
24689
24711
24750
24762
24789
24843
24847
24867
24928
24981
24992
25020
25022
25038
25056
25057
25071
25075
25089
25093
25105
25160
25190
25216
25223
25238
25255
25270
25272
25286
25291
25301
25321
25330
25332
25357
25438
25440
25485
25487
25491
25500
25513
25574
25598
25600
25611
25629
25648
25656
25662
25664
25688
25703
25725
25746
25753
25788
25797
25809
25843
25856
25866
25882
25948
25956
25960
25968
26015
26018
26036
26041
26047
26052
26060
26129
26148
26150
26157
26171
26172
26201
26212
26220
26235
26237
26248
26271
26313
26355
26358
26382
26407
26428
26444
26456
26464
26467
26479
26482
26495
26541
26547
26559
26571
26579
26593
26599
26612
26627
26637
26640
26651
26675
26691
26728
26746
26753
26759
26764
26783
26799
26816
26825
26876
26882
26921
26923
26926
26934
26953
26962
26976
27000
27019
27024
27046
27087
27109
27129
27197
27200
27201
27203
27209
27213
27284
27336
27341
27342
27381
27405
27415
27425
27428
27445
27453
27457
27463
27488
27505
27521
27548
27564
27579
27601
27603
27605
27608
27627
27661
27675
27679
27686
27704
27740
27765
27771
27781
27804
27843
27856
27858
27925
27945
27951
27952
28013
28052
28062
28073
28104
28105
28136
28142
28199
28207
28222
28234
28275
28278
28289
28291
28349
28350
28365
28454
28483
28508
28551
28572
28639
28647
28655
28682
28690
28734
28747
28750
28751
28769
28773
28778
28794
28795
28821
28831
28858
28885
28887
28913
28923
28953
28982
28987
28996
29012
29056
29059
29061
29096
29098
29109
29110
29117
29125
29126
29167
29222
29246
29258
29283
29305
29310
29394
29399
29409
29413
29461
29462
29501
29507
29530
29538
29544
29552
29569
29570
29587
29633
29698
29700
29729
29731
29782
29786
29815
29836
29842
29896
29909
29931
29941
29943
29954
29988
30008
30014
30016
30019
30027
30073
30092
30115
30174
30212
30215
30221
30224
30225
30286
30321
30322
30424
30429
30446
30455
30459
30482
30489
30493
30494
30502
30504
30516
30579
30628
30638
30656
30674
30683
30688
30689
30709
30724
30760
30831
30839
30868
30900
30901
30919
30926
30935
30938
30952
30969
30984
30996
31019
31021
31030
31038
31082
31097
31129
31159
31165
31170
31176
31205
31225
31238
31249
31317
31329
31353
31370
31402
31455
31504
31545
31574
31598
31605
31651
31673
31685
31711
31792
31801
31803
31823
31883
31900
31924
31936
31960
31970
31981
31987
32041
32101
32144
32224
32232
32235
32241
32248
32251
32276
32291
32354
32363
32470
32487
32500
32551
32570
32577
32606
32612
32623
32688
32756
32758
32768
32785
32800
32807
32828
32845
32899
32901
32938
32941
32946
32951
33017
33028
33037
33057
33074
33081
33096
33101
33171
33174
33187
33193
33195
33214
33233
33266
33298
33301
33309
33317
33327
33347
33414
33419
33445
33452
33455
33459
33461
33482
33554
33558
33612
33631
33640
33661
33668
33684
33709
33717
33725
33761
33796
33840
33890
33902
33904
33920
33941
33946
33952
33958
33962
33988
33992
34006
34027
34041
34113
34126
34143
34151
34167
34169
34236
34242
34246
34272
34284
34297
34300
34307
34313
34363
34388
34398
34451
34485
34507
34518
34528
34535
34544
34551
34557
34558
34563
34577
34596
34612
34621
34654
34664
34667
34684
34722
34764
34776
34796
34811
34813
34837
34843
34848
34849
34873
34875
34886
34957
34965
34966
34974
34979
34994
35014
35020
35095
35112
35132
35135
35151
35170
35218
35225
35231
35240
35254
35264
35284
35288
35311
35323
35353
35356
35371
35373
35397
35439
35475
35588
35591
35615
35669
35699
35708
35744
35776
35782
35785
35790
35830
35846
35870
35875
35876
35909
35919
35959
36053
36077
36079
36090
36092
36098
36140
36155
36161
36207
36209
36225
36258
36274
36300
36315
36322
36345
36384
36442
36452
36475
36479
36496
36514
36549
36568
36578
36582
36594
36603
36618
36634
36651
36655
36658
36685
36689
36695
36699
36700
36717
36739
36742
36751
36753
36767
36814
36820
36842
36857
36860
36877
36924
36977
37069
37072
37116
37131
37140
37181
37186
37239
37242
37245
37257
37258
37293
37297
37299
37301
37304
37313
37331
37366
37388
37402
37413
37451
37463
37465
37479
37485
37515
37522
37596
37603
37628
37642
37661
37703
37728
37739
37741
37760
37763
37776
37783
37789
37792
37795
37798
37800
37809
37817
37820
37932
37938
37951
37974
37992
38005
38044
38045
38073
38074
38079
38081
38115
38120
38132
38148
38167
38183
38194
38222
38227
38229
38287
38289
38301
38314
38329
38385
38408
38414
38441
38445
38460
38476
38498
38502
38534
38541
38565
38605
38607
38642
38668
38676
38684
38688
38695
38713
38723
38757
38784
38834
38851
38868
38902
38904
38920
38946
38974
38984
38991
39027
39043
39071
39076
39084
39098
39105
39120
39166
39177
39188
39195
39205
39281
39295
39305
39308
39325
39337
39373
39384
39385
39437
39561
39575
39621
39626
39676
39677
39724
39764
39767
39802
39826
39839
39844
39887
39893
39902
39922
39939
39941
39965
39968
39975
40004
40029
40036
40101
40115
40125
40127
40146
40163
40191
40213
40216
40233
40251
40253
40259
40313
40314
40315
40320
40350
40373
40387
40390
40415
40423
40425
40448
40478
40524
40530
40543
40564
40583
40586
40604
40609
40650
40651
40690
40698
40706
40738
40752
40776
40799
40819
40829
40833
40840
40863
40870
40877
40881
40883
40927
40932
40938
40940
40981
41056
41062
41091
41101
41105
41120
41216
41223
41231
41232
41236
41303
41304
41317
41326
41346
41348
41352
41358
41360
41376
41426
41450
41455
41468
41473
41483
41488
41503
41518
41521
41563
41635
41650
41690
41719
41737
41803
41824
41855
41857
41858
41863
41868
41869
41884
41893
41901
41902
41904
41928
41936
41944
41950
41961
42021
42074
42076
42141
42149
42159
42171
42178
42192
42194
42214
42225
42262
42293
42298
42337
42349
42355
42378
42397
42437
42449
42467
42480
42496
42519
42534
42541
42547
42552
42574
42632
42640
42641
42648
42651
42676
42701
42733
42777
42781
42797
42808
42833
42891
42895
42898
42916
42930
42938
42945
42985
42993
43006
43035
43051
43106
43146
43153
43215
43222
43319
43373
43397
43402
43436
43437
43441
43490
43492
43508
43517
43527
43575
43584
43597
43611
43632
43643
43665
43670
43689
43709
43717
43747
43752
43755
43781
43791
43794
43838
43852
43862
43883
43895
43910
43955
43969
43993
44021
44036
44095
44129
44137
44144
44168
44202
44209
44240
44266
44269
44280
44291
44300
44312
44330
44349
44367
44389
44402
44430
44499
44508
44593
44618
44703
44727
44788
44798
44836
44839
44869
44888
44898
44921
44979
44991
45006
45012
45021
45023
45026
45040
45059
45060
45086
45089
45094
45138
45142
45143
45199
45209
45217
45233
45238
45239
45246
45252
45274
45290
45300
45301
45311
45334
45345
45360
45376
45387
45395
45404
45414
45415
45419
45428
45457
45518
45624
45633
45642
45659
45687
45704
45742
45750
45840
45872
45919
45932
45984
46010
46020
46026
46056
46069
46075
46087
46122
46125
46135
46149
46150
46175
46203
46216
46232
46233
46241
46242
46243
46275
46300
46308
46332
46352
46356
46365
46415
46423
46444
46459
46462
46475
46509
46538
46539
46609
46626
46648
46664
46674
46705
46734
46763
46775
46780
46803
46825
46835
46858
46968
46981
47002
47052
47069
47079
47082
47095
47106
47132
47243
47271
47273
47279
47281
47311
47323
47331
47336
47345
47363
47368
47371
47380
47388
47408
47488
47495
47508
47515
47546
47580
47590
47595
47642
47655
47701
47732
47761
47768
47778
47816
47818
47835
47859
47867
47871
47873
47916
47945
47961
47966
47996
48032
48057
48063
48077
48080
48118
48127
48194
48207
48223
48240
48241
48267
48275
48280
48293
48315
48326
48343
48384
48391
48415
48478
48479
48573
48576
48590
48620
48630
48650
48663
48708
48711
48723
48743
48788
48811
48849
48946
48954
48972
49010
49012
49041
49048
49061
49072
49080
49104
49111
49126
49153
49221
49234
49238
49264
49276
49281
49304
49307
49320
49340
49390
49430
49450
49453
49472
49475
49554
49555
49557
49607
49613
49643
49673
49676
49683
49736
49741
49792
49847
49871
49889
49918
49944
49985
50011
50014
50045
50048
50059
50079
50107
50136
50164
50173
50183
50202
50211
50226
50236
50243
50268
50276
50283
50291
50301
50302
50309
50368
50395
50405
50419
50436
50443
50498
50508
50544
50640
50658
50707
50741
50742
50768
50778
50780
50833
50894
50901
50929
50946
51012
51024
51038
51051
51074
51080
51083
51116
51126
51159
51202
51212
51221
51227
51249
51269
51273
51274
51315
51320
51321
51332
51365
51390
51402
51414
51426
51432
51435
51505
51509
51557
51561
51590
51601
51628
51672
51683
51733
51752
51757
51764
51767
51777
51781
51797
51824
51844
51856
51858
51912
51918
51941
51942
51943
51944
51971
51976
52017
52027
52051
52074
52092
52100
52106
52124
52157
52165
52213
52243
52281
52302
52306
52325
52355
52384
52419
52426
52434
52447
52472
52485
52487
52493
52514
52546
52552
52566
52632
52636
52650
52660
52684
52697
52832
52846
52910
52914
52922
52929
52943
52998
53013
53031
53083
53093
53111
53128
53131
53134
53261
53282
53285
53297
53305
53311
53331
53340
53343
53366
53402
53443
53446
53449
53472
53516
53522
53534
53559
53572
53640
53668
53701
53704
53717
53731
53766
53769
53806
53835
53837
53847
53881
53910
53924
53927
53934
53972
53978
53982
53994
53997
54031
54059
54069
54083
54088
54099
54105
54123
54136
54168
54212
54289
54313
54330
54333
54366
54376
54411
54460
54465
54549
54601
54659
54682
54744
54781
54793
54795
54804
54880
54884
54889
54897
54916
54925
54937
54953
54968
54982
54992
55046
55052
55080
55100
55117
55204
55215
55238
55262
55308
55335
55380
55399
55437
55461
55484
55516
55528
55535
55571
55582
55584
55586
55600
55621
55628
55629
55635
55641
55643
55664
55695
55708
55739
55754
55756
55791
55802
55806
55844
55905
55911
55919
55920
55960
56026
56041
56054
56061
56111
56115
56239
56254
56314
56373
56420
56456
56458
56494
56567
56604
56707
56746
56776
56786
56834
56839
56852
56889
56901
56902
56917
56924
56951
56980
56988
56993
57017
57022
57023
57040
57058
57116
57124
57166
57168
57198
57209
57263
57265
57295
57301
57303
57312
57313
57317
57337
57343
57360
57364
57371
57372
57383
57411
57416
57450
57456
57500
57505
57516
57522
57540
57549
57581
57608
57614
57642
57663
57702
57704
57705
57716
57722
57726
57728
57739
57743
57745
57789
57809
57811
57838
57855
57880
57901
57941
57964
57972
57981
57989
57996
58002
58009
58010
58031
58037
58047
58082
58107
58110
58113
58127
58132
58141
58142
58157
58217
58252
58263
58325
58331
58378
58390
58411
58415
58439
58483
58492
58541
58552
58558
58587
58621
58641
58687
58696
58701
58703
58706
58725
58726
58728
58759
58773
58818
58858
58875
58907
58913
58928
58935
58944
58945
58948
58950
58980
59002
59096
59108
59125
59126
59153
59163
59181
59234
59239
59263
59271
59316
59386
59415
59445
59465
59518
59523
59535
59573
59583
59590
59624
59638
59639
59678
59681
59739
59750
59810
59829
59840
59845
59857
59863
59904
59911
59942
59945
59969
60012
60065
60121
60141
60142
60154
60211
60218
60237
60289
60319
60328
60330
60340
60352
60354
60384
60404
60407
60424
60476
60483
60486
60489
60494
60562
60569
60573
60590
60632
60647
60648
60662
60733
60752
60761
60780
60786
60795
60805
60809
60832
60854
60898
60955
60959
60961
60968
61003
61007
61041
61045
61056
61102
61122
61146
61158
61172
61173
61174
61183
61239
61246
61247
61254
61255
61282
61304
61311
61366
61372
61382
61398
61428
61452
61458
61554
61558
61571
61578
61601
61643
61652
61669
61711
61714
61715
61737
61750
61757
61784
61814
61826
61833
61860
61876
61881
61885
61906
61916
61930
61961
61979
61992
62007
62029
62072
62074
62085
62114
62148
62171
62219
62272
62273
62280
62293
62305
62318
62326
62329
62339
62347
62367
62386
62393
62402
62418
62430
62446
62462
62525
62545
62578
62608
62633
62645
62649
62673
62743
62744
62753
62791
62805
62826
62840
62853
62869
62870
62904
62918
62941
62986
63024
63044
63049
63097
63102
63135
63147
63156
63158
63223
63234
63284
63294
63300
63302
63306
63357
63364
63382
63387
63411
63418
63428
63432
63437
63515
63616
63650
63682
63693
63696
63704
63725
63730
63736
63758
63771
63869
63887
63916
63924
63939
63958
63960
63995
64058
64085
64139
64150
64151
64193
64209
64210
64227
64229
64259
64277
64283
64289
64318
64322
64325
64364
64382
64383
64487
64495
64514
64515
64525
64562
64568
64584
64591
64607
64613
64620
64627
64647
64666
64674
64689
64695
64732
64751
64756
64840
64846
64855
64909
64939
64943
64956
65051
65058
65133
65218
65230
65234
65269
65280
65294
65315
65350
65359
65370
65375
65379
65386
65396
65397
65398
65409
65455
65496
65509
65531
65572
65613
65619
65644
65648
65666
65689
65722
65729
65731
65740
65753
65776
65789
65801
65816
65822
65840
65844
65848
65861
65865
65867
65880
65892
65956
65986
66012
66046
66072
66086
66101
66111
66137
66139
66146
66147
66148
66176
66209
66230
66244
66262
66276
66295
66305
66311
66321
66381
66414
66426
66429
66475
66533
66551
66560
66562
66568
66570
66578
66580
66602
66609
66649
66689
66705
66727
66733
66741
66760
66775
66789
66791
66794
66800
66843
66892
66904
66907
66945
66951
66954
66975
66999
67043
67052
67079
67088
67133
67157
67181
67198
67205
67230
67235
67255
67262
67316
67329
67360
67404
67460
67464
67479
67525
67546
67552
67554
67559
67569
67578
67595
67599
67603
67630
67633
67644
67696
67714
67738
67777
67780
67791
67811
67817
67829
67841
67843
67918
67922
67953
67963
67964
67970
67993
68024
68028
68042
68093
68113
68151
68159
68174
68175
68209
68217
68236
68250
68306
68347
68348
68392
68399
68424
68428
68436
68444
68454
68524
68541
68558
68571
68602
68664
68703
68735
68792
68810
68841
68856
68875
68877
68891
68895
68906
68961
68991
69020
69032
69036
69079
69101
69102
69126
69159
69251
69278
69290
69310
69315
69359
69372
69410
69412
69418
69430
69474
69501
69509
69532
69538
69541
69581
69618
69628
69630
69632
69645
69659
69677
69702
69721
69730
69733
69750
69847
69850
69864
69888
69898
69903
69914
69959
70004
70013
70017
70027
70029
70045
70061
70096
70123
70170
70177
70200
70263
70268
70293
70314
70331
70350
70360
70378
70412
70419
70438
70460
70466
70489
70513
70534
70561
70565
70568
70578
70586
70595
70644
70656
70698
70703
70714
70725
70786
70796
70799
70800
70803
70823
70843
70909
70918
70975
70976
71011
71037
71045
71063
71098
71124
71125
71177
71247
71281
71294
71342
71365
71429
71430
71466
71546
71557
71585
71630
71644
71690
71721
71801
71802
71805
71808
71821
71849
71861
71867
71871
71899
71915
71962
71965
71996
72002
72019
72062
72074
72076
72080
72083
72086
72098
72110
72121
72133
72135
72152
72206
72258
72279
72285
72301
72338
72341
72349
72416
72425
72453
72459
72528
72533
72584
72596
72618
72649
72663
72687
72703
72704
72814
72833
72862
72873
72888
72904
72938
72990
72994
73034
73039
73041
73057
73066
73092
73098
73106
73118
73124
73127
73155
73179
73198
73217
73232
73249
73253
73291
73294
73354
73361
73365
73375
73410
73465
73487
73488
73504
73532
73543
73571
73572
73581
73599
73603
73649
73658
73684
73709
73722
73736
73772
73773
73779
73787
73795
73819
73841
73842
73854
73856
73862
73865
73881
73883
73972
74007
74033
74046
74087
74097
74168
74198
74204
74221
74244
74254
74283
74313
74333
74343
74352
74389
74394
74413
74423
74459
74508
74515
74521
74524
74585
74601
74623
74626
74643
74699
74711
74714
74726
74761
74777
74804
74825
74828
74838
74860
74881
74931
74933
74944
74966
74982
75015
75068
75083
75086
75094
75114
75121
75139
75151
75152
75159
75183
75193
75204
75226
75232
75252
75267
75287
75288
75298
75377
75400
75426
75427
75447
75450
75456
75460
75463
75470
75474
75491
75500
75512
75514
75524
75533
75559
75588
75597
75618
75622
75643
75660
75670
75714
75727
75770
75790
75850
75901
75933
75947
75950
75986
76004
76011
76024
76029
76045
76047
76096
76102
76129
76173
76187
76218
76239
76262
76265
76273
76281
76285
76287
76319
76326
76334
76340
76360
76371
76374
76375
76383
76398
76413
76426
76483
76484
76535
76544
76560
76581
76582
76600
76602
76609
76611
76632
76637
76676
76684
76694
76698
76751
76771
76787
76797
76806
76818
76823
76871
76879
76897
76904
76910
76920
76929
76967
76972
76993
77005
77007
77011
77020
77046
77055
77060
77066
77068
77076
77078
77098
77103
77136
77137
77158
77178
77209
77211
77227
77230
77238
77243
77245
77258
77269
77281
77311
77316
77343
77374
77406
77420
77440
77462
77504
77524
77600
77619
77653
77665
77693
77708
77721
77758
77761
77818
77855
77935
77960
77993
77995
77998
78002
78031
78058
78060
78071
78101
78108
78172
78186
78195
78201
78281
78305
78308
78379
78423
78464
78477
78494
78510
78512
78515
78525
78526
78544
78561
78563
78569
78609
78611
78613
78615
78653
78673
78713
78722
78742
78746
78747
78782
78795
78814
78834
78846
78864
78917
78933
78938
78966
78986
78990
79032
79038
79097
79118
79196
79222
79250
79291
79346
79350
79374
79445
79465
79483
79486
79507
79512
79528
79535
79567
79629
79635
79699
79711
79731
79740
79751
79801
79807
79834
79850
79869
79892
79908
79914
79960
79965
79986
k
