9989
9966
9938
9933
9911
9843
9842
9801
9767
9747
9727
9616
9604
9581
9560
9542
9538
9532
9520
9519
9497
9488
9456
9455
9440
9423
9417
9362
9319
9314
9302
9298
9284
9278
9276
9256
9248
9247
9241
9232
9180
9177
9134
9094
9093
9079
9035
9027
9019
9018
9015
8982
8971
8938
8923
8922
8915
8888
8876
8794
8790
8784
8782
8756
8720
8679
8640
8639
8633
8624
8615
8553
8548
8538
8426
8406
8386
8363
8362
8358
8347
8334
8307
8303
8282
8280
8249
8243
8226
8203
8176
8101
8084
8080
8076
8069
8047
8043
8035
8031
8027
8011
8007
7992
7991
7984
7982
7974
7965
7948
7939
7930
7913
7890
7847
7846
7844
7829
7802
7790
7745
7735
7710
7708
7671
7663
7662
7646
7600
7595
7541
7506
7503
7421
7335
7319
7311
7309
7302
7301
7299
7265
7206
7204
7191
7187
7185
7177
7167
7162
7158
7141
7135
7122
7121
7115
7067
7057
7026
7022
7000
6994
6932
6897
6859
6847
6827
6815
6809
6801
6799
6792
6683
6657
6641
6593
6588
6576
6534
6533
6531
6480
6471
6458
6413
6406
6374
6355
6352
6293
6288
6265
6264
6262
6211
6204
6186
6178
6168
6160
6159
6131
6096
6034
6010
6005
5963
5888
5884
5881
5862
5861
5839
5812
5800
5785
5741
5740
5727
5687
5651
5643
5627
5599
5579
5578
5552
5533
5511
5494
5488
5482
5471
5426
5406
5405
5404
5374
5345
5329
5311
5296
5281
5246
5207
5191
5185
5183
5132
5115
5113
5081
5078
5045
5026
5014
4981
4925
4864
4854
4804
4782
4780
4731
4713
4699
4687
4679
4660
4651
4589
4587
4575
4567
4558
4496
4489
4485
4476
4450
4445
4438
4427
4421
4414
4398
4372
4302
4289
4265
4255
4238
4222
4213
4201
4194
4190
4151
4092
4074
4017
3964
3962
3911
3902
3877
3869
3867
3851
3845
3777
3735
3720
3687
3678
3672
3638
3630
3623
3618
3607
3583
3581
3577
3572
3561
3546
3541
3487
3482
3477
3463
3441
3434
3426
3392
3387
3374
3366
3339
3297
3258
3214
3194
3173
3171
3164
3119
3083
3058
3053
3051
3048
3042
3029
3024
3018
2987
2983
2969
2942
2909
2897
2867
2855
2828
2813
2808
2717
2716
2690
2682
2680
2678
2677
2648
2643
2581
2562
2555
2529
2511
2475
2459
2457
2451
2423
2401
2397
2293
2292
2287
2265
2251
2238
2223
2209
2186
2185
2158
2145
2116
2112
2047
1961
1957
1943
1941
1924
1910
1884
1862
1843
1825
1784
1781
1774
1762
1753
1738
1732
1718
1696
1691
1665
1661
1658
1644
1632
1607
1595
1564
1556
1553
1543
1530
1510
1471
1455
1424
1417
1393
1381
1373
1345
1344
1294
1292
1281
1274
1269
1255
1232
1230
1214
1202
1183
1172
1133
1077
997
989
969
945
919
912
850
840
757
692
640
639
589
541
520
485
483
476
443
435
406
398
396
383
381
375
373
346
340
338
305
304
261
197
140
128
102
74
32
6
54
57
83
89
93
94
98
113
114
128
136
170
187
188
275
286
302
312
345
347
350
384
401
421
443
466
468
473
474
498
562
575
579
660
714
756
769
775
782
801
828
873
881
886
918
955
975
980
987
989
994
1016
1033
1099
1105
1114
1159
1170
1249
1282
1310
1318
1320
1337
1352
1376
1423
1472
1480
1490
1511
1514
1520
1525
1533
1541
1546
1614
1648
1678
1691
1741
1748
1766
1775
1822
1841
1881
1889
1909
1959
2025
2026
2041
2042
2066
2070
2100
2146
2151
2163
2186
2189
2190
2201
2229
2255
2297
2300
2314
2325
2341
2392
2406
2414
2487
2490
2494
2550
2579
2592
2606
2613
2622
2625
2636
2649
2663
2664
2673
2679
2685
2700
2714
2720
2741
2765
2801
2827
2988
2994
3032
3038
3076
3082
3125
3140
3160
3187
3232
3329
3336
3337
3347
3359
3364
3389
3400
3402
3410
3413
3421
3446
3451
3459
3504
3523
3548
3558
3577
3587
3618
3619
3655
3665
3733
3774
3839
3850
3867
3903
3927
3965
4002
4022
4032
4040
4045
4050
4077
4080
4099
4101
4105
4107
4123
4173
4180
4202
4203
4221
4235
4238
4268
4289
4298
4323
4335
4359
4441
4444
4469
4493
4506
4550
4575
4577
4616
4625
4668
4694
4707
4733
4742
4751
4754
4802
4804
4805
4825
4871
4910
4923
4936
4965
5027
5044
5059
5066
5076
5094
5100
5102
5170
5171
5181
5190
5224
5230
5239
5264
5266
5271
5273
5300
5351
5364
5368
5380
5382
5398
5415
5426
5427
5434
5460
5479
5482
5533
5568
5624
5633
5647
5657
5678
5711
5720
5737
5750
5769
5789
5793
5816
5858
5907
5928
5940
6008
6058
6060
6114
6128
6146
6152
6162
6167
6209
6210
6219
6220
6270
6272
6276
6307
6308
6313
6339
6342
6369
6410
6416
6439
6462
6479
6480
6499
6516
6534
6578
6599
6616
6681
6690
6707
6722
6733
6756
6776
6777
6782
6791
6792
6814
6843
6846
6878
6892
6909
6927
6964
6977
7000
7003
7012
7014
7031
7033
7085
7089
7119
7127
7193
7234
7244
7276
7310
7317
7324
7326
7341
7342
7343
7356
7361
7364
7405
7406
7422
7431
7449
7454
7456
7467
7475
7495
7520
7528
7529
7534
7577
7585
7590
7604
7616
7652
7664
7708
7722
7729
7750
7793
7799
7812
7814
7912
7916
7968
7998
8006
8010
8020
8104
8108
8116
8119
8129
8179
8190
8194
8202
8281
8287
8292
8307
8324
8337
8389
8395
8403
8446
8448
8466
8489
8490
8504
8517
8534
8559
8565
8591
8598
8614
8630
8659
8666
8696
8720
8735
8765
8774
8780
8805
8829
8839
8856
8859
8862
8863
8915
8952
8962
8979
9049
9062
9102
9103
9126
9127
9144
9160
9192
9224
9229
9244
9251
9267
9322
9337
9367
9397
9443
9470
9491
9495
9498
9527
9544
9587
9659
9673
9677
9684
9699
9706
9716
9736
9762
9770
9777
9796
9808
9820
9831
9833
9873
9886
9891
9920
9952
9975
k
