39994
39984
39951
39930
39920
39893
39884
39881
39853
39848
39808
39804
39793
39767
39766
39764
39679
39665
39661
39648
39612
39601
39588
39581
39555
39553
39551
39504
39500
39483
39476
39401
39399
39356
39319
39314
39298
39297
39272
39233
39219
39217
39213
39190
39188
39161
39156
39140
39119
39114
39099
39096
39082
39058
39053
39038
38995
38985
38949
38936
38928
38911
38862
38814
38796
38785
38760
38748
38746
38741
38729
38701
38687
38683
38673
38658
38645
38639
38595
38577
38563
38557
38547
38522
38502
38464
38450
38425
38370
38359
38356
38354
38303
38299
38282
38275
38241
38214
38189
38178
38116
38107
38093
38043
38039
37981
37978
37955
37941
37929
37918
37877
37870
37863
37858
37842
37841
37828
37806
37805
37781
37774
37756
37744
37736
37732
37729
37725
37705
37692
37682
37658
37630
37593
37512
37458
37446
37443
37437
37436
37428
37427
37417
37392
37376
37344
37339
37330
37326
37276
37275
37252
37241
37240
37225
37212
37102
37089
37063
37016
36933
36923
36915
36898
36884
36850
36845
36840
36822
36820
36819
36812
36797
36789
36772
36751
36736
36689
36687
36686
36664
36609
36560
36537
36532
36500
36487
36479
36462
36460
36456
36414
36400
36370
36321
36269
36263
36224
36219
36191
36182
36180
36178
36175
36152
36137
36136
36117
36047
36034
36025
36009
36001
35988
35969
35947
35923
35918
35883
35878
35864
35860
35853
35785
35764
35757
35744
35732
35708
35692
35675
35667
35660
35655
35653
35605
35587
35554
35553
35551
35549
35535
35533
35490
35464
35419
35415
35404
35363
35360
35333
35290
35260
35233
35220
35219
35187
35136
35132
35115
35105
35063
35040
35028
35015
34979
34965
34956
34923
34914
34890
34878
34820
34808
34805
34771
34700
34694
34688
34684
34663
34617
34572
34558
34525
34519
34482
34475
34473
34461
34432
34410
34405
34396
34382
34375
34336
34323
34321
34296
34277
34252
34197
34190
34164
34151
34144
34127
34126
34121
34065
34049
34007
34005
33988
33936
33935
33903
33893
33888
33852
33801
33799
33779
33777
33766
33765
33764
33763
33731
33694
33656
33613
33590
33587
33544
33536
33520
33518
33517
33479
33473
33442
33395
33352
33344
33318
33283
33277
33208
33207
33181
33157
33140
33082
33070
33038
33032
33001
32978
32971
32957
32943
32929
32927
32913
32898
32883
32864
32863
32860
32753
32727
32707
32696
32655
32629
32621
32570
32508
32480
32453
32407
32400
32384
32377
32366
32349
32343
32314
32303
32283
32254
32201
32145
32140
32126
32108
32104
32079
32071
32033
32012
32004
32002
32000
31963
31948
31935
31908
31883
31882
31856
31854
31824
31783
31770
31750
31744
31723
31715
31712
31707
31695
31690
31610
31595
31558
31556
31543
31515
31511
31506
31491
31483
31420
31414
31333
31295
31287
31282
31258
31241
31238
31218
31210
31186
31184
31157
31153
31109
31101
31089
31083
31070
31064
31028
31027
31013
30949
30944
30933
30871
30861
30821
30732
30724
30709
30701
30678
30660
30608
30605
30602
30594
30579
30562
30551
30550
30544
30506
30392
30366
30361
30321
30301
30297
30265
30238
30236
30159
30138
30117
30098
30029
30002
29983
29977
29973
29925
29924
29901
29900
29867
29825
29822
29752
29740
29716
29713
29620
29595
29584
29581
29572
29540
29505
29501
29471
29470
29465
29397
29382
29349
29337
29336
29330
29291
29286
29271
29260
29205
29153
29122
29119
29107
29087
29063
29043
29019
29000
28986
28972
28963
28941
28919
28904
28901
28898
28879
28852
28832
28830
28794
28770
28765
28758
28736
28729
28699
28687
28625
28592
28589
28553
28539
28535
28513
28512
28502
28452
28446
28433
28415
28409
28392
28360
28338
28334
28318
28293
28278
28259
28253
28233
28231
28223
28147
28140
28133
28103
28091
28047
28044
28029
28004
27998
27904
27856
27852
27818
27810
27806
27786
27769
27735
27726
27697
27679
27671
27653
27651
27632
27620
27618
27598
27590
27580
27521
27466
27457
27423
27418
27391
27371
27359
27353
27279
27270
27268
27256
27247
27246
27231
27219
27217
27161
27156
27146
27130
27106
27074
27049
27046
27001
26985
26946
26892
26842
26829
26828
26786
26728
26683
26670
26655
26624
26609
26605
26604
26599
26553
26551
26514
26503
26497
26463
26451
26449
26447
26425
26421
26390
26377
26317
26306
26292
26290
26284
26280
26268
26259
26256
26247
26242
26216
26204
26190
26183
26180
26167
26148
26126
26060
26017
26008
26006
25985
25921
25908
25895
25892
25877
25854
25816
25809
25798
25796
25746
25745
25738
25725
25723
25706
25678
25656
25651
25644
25639
25635
25631
25629
25611
25601
25598
25543
25508
25481
25446
25441
25432
25405
25392
25355
25296
25229
25222
25214
25213
25199
25177
25169
25100
25083
25080
25073
25005
25000
24984
24981
24932
24893
24875
24861
24852
24843
24814
24801
24798
24784
24776
24735
24734
24730
24678
24661
24653
24609
24606
24589
24568
24557
24556
24541
24506
24503
24498
24446
24399
24379
24373
24363
24305
24303
24297
24277
24265
24224
24209
24207
24162
24123
24112
24079
24057
24053
24019
24016
24008
23941
23929
23894
23893
23875
23853
23851
23806
23783
23735
23714
23678
23657
23653
23640
23625
23618
23610
23607
23600
23562
23550
23515
23499
23455
23369
23347
23304
23302
23279
23248
23210
23175
23155
23076
23071
22972
22966
22938
22936
22895
22843
22839
22828
22766
22755
22748
22668
22667
22660
22646
22638
22624
22617
22605
22563
22530
22527
22525
22481
22473
22457
22453
22447
22444
22434
22401
22397
22377
22373
22352
22336
22327
22299
22280
22262
22243
22236
22235
22166
22165
22154
22119
22094
22075
22025
22000
21995
21980
21970
21953
21926
21903
21887
21886
21859
21848
21824
21805
21794
21787
21734
21720
21655
21640
21615
21612
21611
21601
21569
21560
21555
21538
21458
21455
21453
21448
21400
21398
21386
21367
21347
21290
21282
21272
21270
21226
21225
21217
21203
21198
21185
21173
21169
21132
21079
21069
21059
21054
21030
21021
21011
21008
21003
20985
20960
20953
20947
20936
20933
20922
20914
20908
20890
20866
20849
20805
20766
20726
20683
20682
20665
20653
20635
20626
20609
20581
20571
20545
20516
20499
20481
20424
20400
20395
20379
20377
20365
20361
20353
20296
20267
20244
20229
20221
20212
20187
20155
20145
20130
20110
20109
20070
20067
20056
19989
19969
19965
19944
19919
19905
19894
19887
19878
19872
19859
19854
19823
19815
19776
19762
19715
19708
19704
19673
19652
19635
19582
19569
19511
19507
19502
19495
19484
19471
19429
19428
19415
19414
19410
19384
19342
19330
19329
19305
19300
19233
19228
19224
19218
19181
19180
19173
19155
19128
19086
19075
19056
19017
19000
18966
18965
18954
18942
18936
18914
18908
18903
18854
18836
18816
18805
18797
18750
18711
18631
18611
18604
18595
18529
18506
18502
18498
18496
18486
18445
18434
18413
18411
18379
18368
18348
18345
18339
18334
18313
18292
18291
18282
18276
18253
18252
18238
18220
18096
18093
17989
17976
17973
17943
17920
17918
17912
17902
17887
17877
17851
17850
17837
17828
17776
17762
17727
17722
17644
17616
17593
17584
17581
17568
17521
17514
17492
17488
17463
17462
17448
17437
17390
17369
17365
17357
17346
17287
17282
17266
17232
17218
17216
17209
17186
17177
17176
17172
17169
17129
17124
17123
17080
17079
17078
17072
17046
17022
16990
16980
16933
16926
16896
16888
16880
16879
16873
16865
16849
16826
16807
16797
16789
16779
16771
16759
16754
16712
16708
16700
16635
16590
16572
16509
16508
16488
16429
16414
16409
16249
16240
16232
16222
16221
16196
16182
16126
16091
16053
16049
16014
16005
15984
15981
15950
15939
15937
15936
15932
15918
15876
15874
15852
15841
15836
15767
15755
15725
15714
15711
15708
15707
15684
15668
15660
15618
15608
15539
15498
15483
15465
15459
15426
15401
15392
15370
15329
15326
15311
15259
15238
15226
15223
15219
15190
15186
15158
15149
15144
15136
15131
15110
15107
15102
15079
15063
15055
15048
15035
15005
14983
14976
14970
14921
14905
14879
14877
14857
14855
14837
14812
14809
14787
14775
14753
14743
14663
14653
14652
14650
14625
14588
14583
14558
14555
14554
14519
14494
14491
14484
14436
14384
14358
14355
14348
14343
14341
14307
14305
14300
14284
14278
14259
14208
14188
14187
14178
14152
14122
14100
14087
14060
14048
13984
13962
13953
13921
13915
13897
13827
13821
13814
13796
13755
13714
13713
13686
13680
13655
13640
13636
13598
13594
13557
13485
13483
13456
13451
13430
13419
13378
13369
13362
13345
13343
13334
13313
13312
13277
13275
13270
13237
13231
13205
13197
13172
13162
13159
13142
13108
13086
13049
13023
13015
13007
12977
12875
12839
12834
12807
12788
12784
12777
12749
12737
12691
12644
12630
12571
12565
12530
12502
12465
12448
12412
12402
12337
12300
12266
12254
12210
12205
12184
12148
12110
12106
12099
11997
11996
11979
11969
11962
11941
11938
11928
11887
11882
11860
11835
11825
11811
11808
11796
11775
11772
11741
11738
11737
11726
11710
11689
11686
11683
11681
11677
11634
11621
11595
11594
11574
11564
11561
11556
11526
11485
11484
11465
11431
11410
11407
11405
11371
11343
11323
11306
11300
11279
11217
11204
11171
11163
11158
11155
11146
11126
11115
11104
11084
11078
11066
11051
11034
11031
11020
11009
10967
10959
10940
10921
10851
10839
10804
10780
10762
10734
10712
10706
10692
10670
10645
10637
10604
10531
10493
10485
10463
10446
10424
10415
10394
10349
10333
10308
10302
10287
10283
10266
10249
10243
10225
10222
10219
10208
10154
10152
10144
10110
10082
10054
10051
10042
10027
10023
10005
9999
9982
9973
9951
9948
9899
9866
9865
9806
9796
9789
9788
9778
9761
9729
9713
9707
9696
9694
9667
9640
9621
9608
9606
9598
9590
9564
9551
9549
9524
9510
9507
9476
9465
9452
9403
9389
9373
9354
9351
9344
9317
9300
9296
9282
9274
9259
9249
9214
9164
9127
9096
9079
9070
9018
9006
8992
8986
8931
8886
8878
8874
8868
8856
8798
8795
8790
8762
8753
8751
8741
8720
8711
8686
8647
8632
8567
8534
8530
8528
8472
8433
8423
8407
8398
8380
8364
8309
8287
8284
8283
8277
8272
8258
8250
8223
8181
8178
8166
8154
8148
8136
8115
8088
8008
7957
7947
7919
7914
7866
7837
7835
7815
7809
7792
7767
7763
7749
7740
7730
7727
7710
7702
7696
7653
7647
7643
7639
7638
7635
7634
7631
7612
7593
7585
7575
7560
7534
7518
7506
7489
7487
7454
7418
7414
7411
7385
7292
7255
7245
7180
7157
7151
7148
7134
7132
7091
7090
7070
7058
7036
7033
7026
7002
6993
6985
6973
6946
6938
6935
6902
6887
6852
6846
6841
6816
6805
6779
6756
6738
6695
6671
6656
6651
6609
6562
6503
6502
6455
6446
6378
6373
6307
6278
6244
6235
6230
6229
6212
6173
6137
6134
6129
6127
6110
6038
6018
6006
5982
5957
5951
5912
5910
5902
5791
5741
5716
5642
5633
5623
5569
5552
5546
5542
5540
5492
5490
5481
5461
5451
5435
5411
5406
5395
5341
5327
5309
5274
5204
5201
5137
5133
5111
5104
5072
5066
5049
5024
5013
5000
4903
4869
4854
4850
4823
4807
4804
4799
4772
4763
4726
4717
4709
4644
4642
4641
4629
4616
4604
4600
4581
4576
4575
4538
4535
4523
4491
4471
4458
4453
4448
4434
4425
4383
4373
4366
4329
4294
4265
4225
4195
4182
4173
4155
4146
4145
4137
4086
4067
4040
4025
3994
3982
3965
3928
3926
3924
3918
3827
3824
3823
3822
3769
3752
3676
3651
3619
3593
3577
3567
3557
3552
3536
3533
3497
3475
3431
3414
3408
3392
3377
3356
3344
3329
3252
3167
3102
3087
3076
3054
3046
3018
3011
2968
2964
2944
2938
2937
2922
2900
2890
2863
2804
2773
2762
2748
2693
2641
2603
2580
2551
2534
2533
2484
2435
2412
2410
2405
2404
2399
2346
2335
2250
2248
2221
2199
2195
2187
2179
2168
2153
2118
2086
2083
2062
2053
2004
1974
1931
1922
1891
1881
1877
1869
1848
1832
1822
1779
1777
1708
1705
1688
1672
1645
1618
1614
1610
1590
1565
1540
1520
1519
1479
1447
1441
1437
1431
1412
1402
1395
1349
1348
1337
1298
1277
1254
1149
1104
1095
1087
1083
1047
1045
1042
1008
996
984
969
914
911
886
868
846
822
813
810
790
694
692
683
669
660
640
616
605
604
585
570
567
554
551
506
492
485
477
475
474
429
417
415
414
413
388
368
292
254
253
232
164
152
147
144
122
118
105
87
82
39
29
17
4
14
41
56
77
125
132
146
156
174
189
217
223
332
358
362
398
411
451
458
464
501
508
534
544
546
551
581
618
622
660
672
678
690
706
708
710
730
756
771
784
797
798
835
872
874
881
884
918
992
1015
1018
1025
1042
1051
1094
1139
1155
1207
1210
1218
1232
1238
1252
1269
1290
1340
1386
1392
1409
1429
1436
1452
1461
1472
1479
1492
1501
1508
1514
1520
1559
1560
1594
1630
1645
1665
1673
1678
1697
1698
1702
1725
1741
1742
1772
1782
1790
1843
1893
1896
1914
1920
1928
1993
1997
2003
2004
2007
2133
2162
2168
2185
2205
2208
2233
2245
2320
2328
2432
2446
2454
2464
2478
2486
2501
2527
2538
2552
2627
2678
2739
2801
2802
2858
2859
2899
2916
2924
2941
2955
2963
2966
2979
3016
3028
3052
3058
3083
3087
3121
3154
3155
3173
3199
3200
3203
3206
3207
3241
3273
3291
3328
3361
3393
3397
3400
3426
3469
3527
3568
3575
3585
3586
3592
3595
3605
3627
3635
3656
3673
3678
3680
3692
3704
3706
3728
3755
3795
3857
3872
3908
3931
3935
3956
3967
3988
4027
4029
4037
4045
4060
4067
4074
4081
4094
4109
4171
4180
4190
4206
4233
4236
4289
4291
4295
4336
4343
4363
4384
4386
4400
4404
4449
4457
4525
4527
4539
4549
4613
4639
4641
4649
4664
4672
4675
4701
4707
4716
4719
4720
4722
4726
4727
4744
4745
4747
4786
4819
4839
4880
4888
4897
4900
4911
4933
4940
4949
4991
5009
5011
5050
5093
5105
5111
5117
5151
5158
5178
5190
5247
5249
5255
5330
5351
5364
5366
5383
5393
5396
5413
5424
5435
5447
5456
5460
5507
5517
5568
5600
5647
5658
5684
5701
5707
5727
5737
5747
5763
5786
5836
5850
5876
5922
5965
6001
6013
6030
6031
6045
6051
6064
6091
6141
6146
6156
6191
6196
6259
6274
6284
6331
6348
6362
6363
6383
6396
6437
6439
6476
6495
6596
6639
6678
6685
6693
6713
6729
6749
6767
6788
6795
6810
6814
6818
6821
6825
6830
6839
6847
6880
6905
6906
6907
6912
6939
6993
6999
7009
7019
7037
7068
7070
7095
7156
7158
7171
7191
7206
7210
7255
7296
7303
7332
7375
7376
7405
7415
7433
7441
7444
7461
7485
7517
7575
7581
7586
7592
7642
7677
7683
7690
7728
7769
7780
7786
7792
7833
7850
7872
7880
7907
7909
7919
7997
8012
8029
8066
8077
8102
8128
8187
8222
8236
8269
8274
8275
8281
8290
8317
8351
8352
8360
8361
8374
8376
8377
8379
8410
8469
8470
8481
8503
8544
8554
8556
8579
8620
8677
8681
8723
8729
8738
8755
8769
8787
8808
8911
8935
8947
8951
8972
8978
8979
9018
9029
9031
9041
9088
9108
9125
9144
9156
9168
9176
9199
9203
9209
9294
9297
9318
9325
9329
9349
9350
9429
9434
9451
9458
9494
9512
9522
9530
9565
9571
9572
9577
9587
9598
9607
9608
9625
9644
9718
9720
9756
9818
9827
9852
9861
9875
9884
9902
9915
9931
9959
9970
9979
9983
10021
10076
10096
10124
10147
10183
10190
10199
10206
10212
10246
10272
10295
10315
10321
10325
10337
10386
10406
10412
10423
10426
10439
10461
10502
10514
10515
10519
10520
10540
10570
10603
10615
10626
10629
10636
10658
10672
10682
10705
10725
10752
10771
10786
10802
10869
10871
10876
10883
10909
10952
11009
11011
11039
11087
11104
11125
11171
11180
11210
11220
11228
11232
11286
11314
11319
11323
11374
11398
11435
11439
11479
11505
11511
11534
11548
11557
11584
11613
11636
11641
11653
11710
11755
11766
11801
11869
11875
11903
11929
11934
11952
11962
11966
11988
12024
12046
12070
12074
12082
12115
12137
12176
12187
12208
12216
12221
12238
12267
12268
12271
12291
12300
12330
12334
12335
12353
12366
12388
12391
12438
12474
12475
12494
12524
12550
12585
12628
12630
12640
12649
12673
12721
12772
12827
12865
12902
12907
12955
12963
12991
13004
13099
13119
13130
13180
13260
13285
13291
13329
13332
13341
13349
13403
13406
13408
13411
13453
13464
13473
13509
13517
13522
13533
13534
13553
13564
13569
13574
13579
13596
13645
13722
13748
13808
13831
13837
13839
13845
13864
13865
13890
13895
13938
13951
13968
13981
13994
14023
14025
14032
14034
14043
14065
14073
14074
14088
14119
14137
14155
14171
14195
14249
14250
14251
14262
14290
14317
14337
14339
14420
14425
14490
14494
14498
14567
14582
14591
14592
14624
14640
14648
14720
14738
14764
14774
14779
14781
14798
14806
14812
14825
14856
14889
14890
14928
14944
14948
14964
14973
15029
15061
15082
15093
15109
15118
15134
15151
15189
15194
15199
15208
15251
15256
15275
15285
15326
15364
15381
15413
15419
15486
15556
15563
15583
15642
15680
15699
15714
15728
15735
15763
15777
15805
15829
15833
15852
15861
15872
15891
15909
15923
15930
15935
15953
15981
16001
16002
16049
16060
16064
16066
16071
16086
16134
16177
16179
16233
16240
16254
16261
16298
16311
16358
16362
16390
16420
16439
16465
16472
16505
16516
16583
16630
16651
16654
16659
16661
16677
16690
16727
16773
16780
16795
16804
16806
16810
16841
16853
16880
16893
16898
16915
16917
16928
16946
16955
16979
17010
17025
17081
17088
17104
17125
17204
17255
17259
17299
17312
17325
17390
17394
17395
17400
17435
17456
17505
17515
17522
17559
17572
17576
17647
17688
17693
17694
17726
17730
17736
17741
17744
17770
17790
17819
17844
17846
17861
17882
17889
17897
17899
17902
17904
17930
17937
17968
17976
17977
17987
18016
18030
18032
18092
18101
18127
18147
18154
18188
18195
18213
18218
18219
18240
18271
18326
18346
18349
18455
18468
18486
18513
18524
18533
18554
18569
18619
18638
18648
18657
18664
18680
18708
18732
18779
18815
18827
18831
18844
18951
18964
18966
18983
19006
19014
19039
19043
19046
19050
19071
19078
19099
19134
19155
19184
19214
19234
19270
19277
19282
19298
19301
19310
19317
19339
19343
19379
19382
19386
19405
19442
19470
19495
19501
19560
19562
19564
19584
19594
19614
19632
19657
19669
19703
19707
19712
19726
19771
19803
19834
19844
19845
19848
19905
19918
19925
19931
19949
19962
19970
20018
20021
20029
20063
20073
20108
20127
20131
20150
20155
20157
20200
20201
20243
20244
20246
20283
20284
20289
20309
20314
20327
20335
20367
20460
20475
20529
20532
20602
20626
20631
20642
20646
20655
20683
20714
20734
20749
20787
20815
20818
20832
20836
20849
20881
20930
20949
20969
20974
20978
21020
21052
21079
21093
21115
21134
21154
21164
21197
21203
21209
21222
21223
21241
21268
21283
21296
21304
21310
21362
21367
21374
21404
21416
21446
21451
21463
21466
21478
21486
21491
21502
21509
21523
21560
21567
21568
21580
21621
21694
21698
21788
21796
21852
21853
21862
21873
21874
21876
21881
21916
21964
21966
21997
22010
22048
22058
22061
22063
22080
22085
22110
22133
22141
22145
22183
22198
22214
22216
22217
22226
22229
22230
22242
22267
22282
22297
22306
22311
22332
22348
22362
22365
22385
22405
22428
22430
22499
22545
22618
22651
22655
22698
22708
22763
22788
22809
22815
22901
22930
22962
22977
22993
23015
23035
23047
23057
23076
23086
23101
23112
23184
23206
23216
23219
23265
23267
23268
23297
23312
23326
23328
23338
23350
23372
23376
23387
23414
23452
23470
23481
23536
23640
23642
23651
23658
23664
23717
23718
23719
23859
23863
23873
23917
23940
23958
23966
23976
24000
24018
24041
24047
24140
24147
24167
24168
24172
24190
24194
24228
24295
24308
24335
24382
24393
24440
24462
24487
24491
24494
24527
24540
24543
24560
24562
24571
24634
24637
24698
24700
24712
24756
24789
24793
24801
24802
24819
24866
24873
24877
24884
24890
24891
24893
24903
24907
24926
24953
24954
24955
24981
24986
25069
25083
25140
25147
25149
25160
25165
25183
25208
25211
25219
25254
25264
25291
25301
25304
25372
25373
25400
25475
25510
25536
25646
25654
25659
25679
25685
25688
25714
25737
25756
25800
25807
25870
25872
25892
25901
25940
25945
25956
25961
26002
26005
26047
26070
26110
26157
26185
26189
26193
26238
26312
26406
26418
26469
26475
26500
26512
26515
26518
26580
26586
26592
26603
26656
26689
26726
26741
26742
26745
26835
26845
26860
26916
26931
26961
26993
26997
27025
27041
27055
27061
27077
27083
27092
27100
27107
27159
27217
27259
27260
27305
27352
27406
27455
27463
27498
27525
27543
27571
27575
27615
27618
27641
27665
27693
27717
27733
27739
27755
27775
27778
27801
27904
27921
27922
27935
27943
27957
27961
27977
27984
28003
28019
28032
28048
28064
28134
28143
28153
28179
28226
28253
28276
28286
28292
28326
28345
28362
28373
28390
28397
28422
28423
28450
28490
28505
28511
28526
28536
28540
28549
28552
28581
28586
28628
28662
28675
28698
28701
28783
28786
28789
28812
28828
28835
28847
28854
28868
28915
28929
28947
28958
28988
29003
29016
29019
29028
29039
29046
29052
29054
29075
29090
29137
29194
29205
29243
29276
29283
29328
29380
29384
29441
29459
29479
29502
29503
29513
29514
29540
29580
29621
29655
29659
29669
29681
29701
29768
29776
29821
29842
29855
29859
29869
29885
29906
29909
29916
29942
29948
29968
29983
30007
30040
30043
30052
30079
30086
30110
30120
30122
30146
30182
30188
30241
30251
30255
30266
30271
30283
30322
30333
30343
30363
30380
30405
30423
30443
30450
30461
30571
30597
30622
30649
30703
30705
30710
30711
30723
30734
30750
30763
30776
30808
30813
30818
30820
30827
30835
30876
30877
30878
30881
30902
30907
30933
30937
30938
30954
30956
30967
30982
30985
30987
30993
31004
31018
31027
31034
31035
31055
31078
31104
31107
31117
31120
31123
31132
31161
31179
31184
31198
31210
31220
31277
31316
31334
31354
31402
31416
31425
31436
31438
31441
31442
31471
31509
31520
31549
31565
31566
31572
31611
31663
31677
31684
31727
31740
31750
31777
31783
31795
31837
31875
31890
31955
31973
31995
32050
32072
32078
32102
32116
32130
32161
32162
32190
32218
32229
32240
32267
32270
32275
32280
32285
32288
32375
32377
32384
32413
32473
32489
32507
32552
32565
32621
32662
32673
32681
32690
32736
32739
32742
32750
32766
32774
32816
32832
32855
32868
32870
32879
32904
32987
33018
33030
33038
33108
33127
33141
33151
33174
33194
33216
33272
33306
33322
33325
33338
33355
33363
33366
33394
33401
33414
33448
33466
33477
33478
33480
33485
33487
33491
33512
33513
33514
33528
33552
33562
33597
33649
33710
33744
33760
33781
33803
33824
33836
33898
33937
33942
33962
34008
34088
34116
34131
34133
34158
34174
34187
34200
34243
34273
34280
34287
34304
34351
34355
34361
34364
34367
34387
34393
34420
34421
34502
34533
34549
34565
34570
34593
34602
34608
34650
34657
34687
34714
34764
34787
34810
34914
34929
34932
34943
34952
34959
34988
34995
34996
35003
35021
35034
35038
35047
35061
35064
35066
35103
35125
35133
35139
35149
35166
35174
35253
35254
35274
35293
35294
35310
35332
35334
35341
35351
35352
35357
35358
35453
35476
35477
35595
35627
35655
35669
35718
35720
35739
35740
35772
35790
35800
35818
35836
35852
35855
35874
35878
35908
35917
35939
35949
35978
36010
36028
36033
36058
36067
36099
36105
36137
36153
36169
36171
36182
36194
36219
36232
36235
36263
36282
36305
36308
36317
36334
36343
36365
36382
36399
36422
36465
36475
36515
36553
36562
36576
36631
36650
36653
36686
36748
36758
36762
36789
36806
36807
36810
36845
36866
36919
36947
36958
36966
37015
37056
37058
37060
37089
37158
37161
37162
37165
37167
37177
37183
37203
37220
37245
37248
37316
37328
37334
37392
37404
37447
37450
37455
37474
37513
37518
37565
37571
37576
37587
37592
37605
37618
37636
37653
37681
37684
37713
37734
37755
37809
37819
37838
37859
37865
37880
37891
37893
37894
37922
37930
37959
37962
37977
37978
38002
38049
38053
38055
38067
38070
38104
38117
38124
38148
38155
38173
38191
38215
38226
38233
38240
38263
38293
38301
38304
38310
38313
38320
38324
38334
38343
38356
38366
38417
38436
38439
38454
38457
38465
38494
38529
38534
38571
38583
38590
38624
38648
38695
38708
38741
38755
38770
38824
38825
38843
38900
38902
38907
38962
38972
38973
38991
38996
38998
39014
39023
39052
39075
39100
39161
39179
39215
39220
39252
39258
39300
39311
39315
39322
39334
39355
39394
39406
39453
39461
39506
39521
39527
39536
39562
39569
39571
39574
39577
39581
39603
39621
39622
39645
39648
39688
39694
39716
39734
39736
39747
39793
39805
39814
39822
39829
39832
39835
39932
39971
39974
k
